battery:
  charged_voltage: 10.7
  flat_voltage: 12.9

buttons:
  debounce_threshold : 7

foot:
  fsr:
    foot_down_weight: 0.1

foot_sensor:
  noise_factor: 1.
  certainty_threashold: 0.9
  intercept: -1.77111359043
  feature_weights: [ 17.48053435   7.18451789   1.39233232   4.71067182  11.20708269 4.82251075 -7.05226579   0.43399462  -0.62448745  -0.03251361 2.95080402  -0.11919569   6.37278834   1.55795752   2.1839894 7.1664917    2.01047701   1.47479512   0.41142013  -1.86819162 -0.11601845]

motion_filter:
  update:
    velocity_decay: [.8, .8, .8]
  noise:
    measurement:
      accelerometer: [1e-4, 1e-4, 1e-4]
      gyroscope: [1e-8, 1e-8, 1e-8]
      foot_up_with_z: [1e-6, 1e-6, 1e-6, 1e-6]
      flat_foot_odometry: [1e-6, 1e-6]
    process:
      position: [1e-8, 1e-8, 1e-8]
      velocity: [1e-3, 1e-3, 1e-3]
      rotational_velocity: [1e-4, 1e-4, 1e-4]
      rotation: [1e-10, 1e-10, 1e-10, 1e-10]

  initial:
    mean:
      position: [0, 0, 0.22]          # A little above the ground
      velocity: [0, 0, 0]            # Not moving
      rotational_velocity: [0, 0, 0] # Not spinning
      rotation: [1, 0, 0, 0]          # Upright
    covariance:
      position: [1e-3, 1e-3, 1]    # We are pretty sure of our x,y when we start
      velocity: [1e-3, 1e-3, 1e-3]   # We are unsure of our velocity
      rotation: [.1, .1, .1, .1]          # Not very sure of rotation
      rotational_velocity: [1, 1, 1] # Fairly unsure about our rotational velocity

