serial_number: 0118847F

lens:
  # Lens: Lensagon BF10M19828S118C
  # Camera: FLIR BFS-U3-13Y3C-C

  # Theoretical normalised focal length
  # Lens Focal Length = 1.98mm
  # Camera Pixel Size = 4.8µm
  # focal_length / (camera_pixel_size * width)
  # 1.98mm / (4.8µm * 1280px) = 0.322265625

  # NOTE: all lens parameters are based on a full size image (without width/height/offset values)

  # Lens projection type
  projection: EQUIDISTANT
  # Normalised focal length: focal length in pixels / image width
  focal_length: 0.34407470485610553
  # Normalised image centre offset: pixels from centre to optical axis / image width
  centre: [0.0037393686683910104, -0.007110721366947057]
  # The polynomial distortion coefficients for the lens
  k: [0.4739103438574755, 0.1549602920025024]
  # The angular diameter that the lens covers (the area that light hits on the sensor) or auto for the entire sensor
  fov: 180 * pi / 180
  # The homogenous transform from the rigid platform this camera is attached to to its optical location
  Hpc:
  - [0.9998312139335508, 0.018356684500299744, -0.0007588005790349261, -0.0003565025401303975]
  - [-0.018295764505299208, 0.9985806894291701, 0.050018713501347664, 0.00035793156166487317]
  - [0.0016759013482070722, -0.04999638820274641, 0.9987479924992847, 0.0018270306405202379]
  - [0.0, 0.0, 0.0, 1.0]
