leg:
    # darwin says this is [0.008, 0.008, 0.034]
    hip_offset: [0.00, 0.055, 0.045] # [x, y, z]
    upper_leg_length: 0.2
    lower_leg_length: 0.2
    heel_length: 0.085 # measured
    foot_centre_to_ankle_centre: 0.02 # rough
    foot:
        width: 0.130 # rough
        height: 0.04
        length: 0.215 # rough
        toe_length: 0.13 # measured
    left_to_right:
        hip_yaw:    -1
        hip_roll:   -1
        hip_pitch:   1
        knee:        1
        ankle_pitch: 1
        ankle_roll: -1
head:
    camera_declination_angle_offset: pi / 90.0 # 2 degrees
    neck_to_camera: [0.069, 0, 0.065] # [x, y, z]
    ipd: 0.068 # Interpupillary distance - y axis
    neck: # not yet calculated
        length: 0.048
        base_position_from_origin: [-0.007, 0, 0.21] # [x, y, z]
    # head movement limits
    limits: # pitch limit is a function of yaw ... need to calculate this properly
        yaw: [-pi/4, pi/4] # [min_yaw, max_yaw]
        pitch: [pi/6, pi/6] # [min_pitch, max_pitch]
# rough measurements
arm:
    distance_between_shoulders: 0.17 # distance between shoulders
    shoulder:
        length: 0.0
        width: 0.04
        height: 0.010
        offset: [0.0, 0.1905] # [x, z]
    upper_arm:
        length: 0.16
        offset: [0, 0.03] # [y, x] very rough
    lower_arm:
        length: 0.235
        offset: [0, 0] # [y, z] very rough
mass_model:
    # Particles CoM is in particle space
    # CoM_x, CoM_y, CoM_z, mass
    # SI units
    particles:
      head: [-0.005455361857322307, -0.0020954553576028882, 0.008985497362146539, 0.419]
      arm_upper: [0.1308004081588448, -0.007597384314695315, 0.044399716657854194, 0.29700000000000004]
      arm_lower: [0.1130037253625785, 0.0057301025506642424, 0.12135684827620029, 0.26]
      torso: [-0.03813603729170457, 0.053452087017271686, 0.026082474255970288, 2.5389999999999997]
      hip_block: [3.6274022560518777e-06, -0.01573294687984536, 0.00046085257675838225, 0.306]
      leg_upper: [-0.041494174998698355, 0.12844473651874636, -0.0024678554305968543, 0.387]
      leg_lower: [-0.036445874634875926, 0.07933226203409613, 0.037172568639152456, 0.177]
      ankle_block: [3.6274022560518777e-06, -0.01573294687984536, 0.00046085257675838225, 0.306]
      foot: [-0.03672293015670516, -0.13456970642945307, -0.043295474126690714, 0.20500000000000002]
tensor_model:
    # Particle inertial tensors (in partical space)
      # [[xx, xy, xz],
      #  [xy, yy, yz],
      #  [xz, yz, zz]]
      # SI units
    particles:
      head:
        - [446542.6302545395, 24.172460258757766, 100.48706439892314]
        - [24.172460258757766, 371739.1110746686, -7507.930180849641]
        - [100.48706439892314, -7507.930180849641, 542758.5777414088]
      arm_upper:
        - [238609.9535549264, -331.49634378620544, 1904.7309588230032]
        - [-331.49634378620544, 256540.56758778155, 12148.78627795637]
        - [1904.7309588230032, 12148.78627795637, 57011.68556493475]
      arm_lower:
        - [193647.34334596727, 453.77421539920556, 11345.261126057676]
        - [453.77421539920556, 172317.87516132934, -3455.033601412297]
        - [11345.261126057676, -3455.033601412297, 37107.62094557854]
      torso:
        - [4987442.504557955, -14444.527095669342, 12.092738227018263]
        - [-14444.527095669342, 6417538.978254262, 305238.5324786689]
        - [12.092738227018263, 305238.5324786689, 6353835.246441961]
      hip_block:
        - [29258.268597799706, -1.16163000899472, 1.634020799269757]
        - [-1.16163000899472, 16316.100230116539, -751.3171623378039]
        - [1.634020799269757, -751.3171623378039, 23133.725114273362]
      leg_upper:
        - [297692.43506437255, -281.16001995784586, 17.397533597650533]
        - [-281.16001995784586, 77012.16071029537, 58260.83425097569]
        - [17.397533597650533, 58260.83425097569, 265125.74267033883]
      leg_lower:
        - [159048.57756006252, -6562.432048512665, -3520.3999972632246]
        - [-6562.432048512665, 61124.87643150842, -42116.38541114546]
        - [-3520.3999972632246, -42116.38541114546, 109980.46833753913]
      ankle_block:
        - [29258.268597799706, -1.16163000899472, 1.634020799269757]
        - [-1.16163000899472, 16316.100230116539, -751.3171623378039]
        - [1.634020799269757, -751.3171623378039, 23133.725114273362]
      foot:
        - [110243.42586427275, -211.37158635649993, -1369.5664713410015]
        - [-211.37158635649993, 140825.87555399776, -822.0916390221781]
        - [-1369.5664713410015, -822.0916390221781, 47020.60644777631]


team_darwin_chest_to_origin: 0.18 # - leg.hip_offset[2] # rough
