leg:
    # darwin says this is [0.008, 0.008, 0.034]
    hip_offset: [0.00, 0.055, 0.045] # [x, y, z]
    upper_leg_length: 0.2
    lower_leg_length: 0.2
    heel_length: 0.085 # measured
    foot_centre_to_ankle_centre: 0.02 # rough
    foot:
        width: 0.130 # rough
        height: 0.04
        length: 0.215 # rough
        toe_length: 0.13 # measured
    left_to_right:
        hip_yaw:    -1
        hip_roll:   -1
        hip_pitch:   1
        knee:        1
        ankle_pitch: 1
        ankle_roll: -1
head:
    camera_declination_angle_offset: pi / 90.0 # 2 degrees
    neck_to_camera: [0.069, 0, 0.065] # [x, y, z]
    ipd: 0.068 # Interpupillary distance - y axis
    neck: # not yet calculated
        length: 0.048
        base_position_from_origin: [-0.007, 0, 0.21] # [x, y, z]
    # head movement limits
    limits: # pitch limit is a function of yaw ... need to calculate this properly
        yaw: [-pi/4, pi/4] # [min_yaw, max_yaw]
        pitch: [pi/6, pi/6] # [min_pitch, max_pitch]
# rough measurements
arm:
    distance_between_shoulders: 0.17 # distance between shoulders
    shoulder:
        length: 0.0
        width: 0.04
        height: 0.010
        offset: [0.0, 0.1905] # [x, z]
    upper_arm:
        length: 0.16
        offset: [0, 0.03] # [y, x] very rough
    lower_arm:
        length: 0.235
        offset: [0, 0] # [y, z] very rough
mass_model:
    # Particles CoM is in particle space
    # CoM_x, CoM_y, CoM_z, mass
    # SI units
    particles:
      head: [-5.85412735e-02, -2.62990669e-04,  1.23178230e-03,  3.78000000e-01]
      arm_upper: [-0.00047546,  0.00048306, -0.04785146, 0.297]
      arm_lower: [ 0.05336545, -0.00081563,  0.00060633, 0.26]
      torso: [-1.21951525e-03, -1.11546415e-04,  9.92024735e-02,  2.13100000e+00]
      hip_block: [ 0.0157329,  -0.00054217,  0.00126175, 0.306]
      leg_upper: [-8.68239853e-02,  2.30710331e-04, -3.22365659e-03,  3.87000000e-01]
      leg_lower: [-0.10000941, -0.00128492, -0.00707286, 0.177]
      ankle_block: [-0.0157329,   0.00051261, -0.02197621, 0.306]
      foot: [0.03315616, 0.0080263,  0.01307823, 0.223]

team_darwin_chest_to_origin: 0.18 # - leg.hip_offset[2] # rough
