leg:
    # darwin says this is [0.008, 0.008, 0.034]
    hip_offset: [0.00, 0.055, 0.045] # [x, y, z]
    upper_leg_length: 0.2
    lower_leg_length: 0.2
    heel_length: 0.085 # measured
    foot_centre_to_ankle_centre: 0.02 # rough
    foot:
        width: 0.130 # rough
        height: 0.04
        length: 0.215 # rough
        toe_length: 0.13 # measured
    left_to_right:
        hip_yaw:    -1
        hip_roll:   -1
        hip_pitch:   1
        knee:        1
        ankle_pitch: 1
        ankle_roll: -1
head:
    camera_declination_angle_offset: pi / 90.0 # 2 degrees
    neck_to_camera: [0.069, 0, 0.065] # [x, y, z]
    ipd: 0.068 # Interpupillary distance - y axis
    neck: # not yet calculated
        length: 0.048
        base_position_from_origin: [-0.007, 0, 0.21] # [x, y, z]
    # head movement limits
    limits: # pitch limit is a function of yaw ... need to calculate this properly
        yaw: [-pi/4, pi/4] # [min_yaw, max_yaw]
        pitch: [pi/6, pi/6] # [min_pitch, max_pitch]
# rough measurements
arm:
    distance_between_shoulders: 0.17 # distance between shoulders
    shoulder:
        length: 0.0
        width: 0.04
        height: 0.010
        offset: [0.0, 0.1905] # [x, z]
    upper_arm:
        length: 0.16
        offset: [0, 0.03] # [y, x] very rough
    lower_arm:
        length: 0.235
        offset: [0, 0] # [y, z] very rough
mass_model:
    # Particles CoM is in particle space
    # CoM_x, CoM_y, CoM_z, mass
    # SI units
    particles:
      head: [-0.005455361857322307, -0.0020954553576028882, 0.008985497362146532, 0.41900000000000004]
      arm_upper: [0.1308004081588448, -0.007597384314695315, 0.04439971665785419, 0.29700000000000004]
      arm_lower: [0.1130037253625785, 0.005730102550664242, 0.12135684827620029, 0.26]
      torso: [-0.03813603729170456, 0.05345208701727171, 0.026082474255970302, 2.5389999999999997]
      hip_block: [3.6274022560518777e-06, -0.01573294687984536, 0.00046085257675838225, 0.306]
      leg_upper: [-0.04149417499869835, 0.12844473651874638, -0.002467855430596854, 0.387]
      leg_lower: [-0.036445874634875926, 0.07933226203409614, 0.037172568639152456, 0.177]
      ankle_block: [3.6274022560518777e-06, -0.01573294687984536, 0.00046085257675838225, 0.306]
      foot: [-0.03672293015670516, -0.13456970642945307, -0.043295474126690714, 0.20500000000000002]
tensor_model:
    # Particle inertial tensors (in partical space)
      # [[xx, xy, xz],
      #  [xy, yy, yz],
      #  [xz, yz, zz]]
      # SI units
    particles:
      ankle_block:
        - [312468.1596586752, -12.405805555499168, 17.450775335018125]
        - [-12.405805555499168, 174250.2908081992, -8023.806680526762]
        - [17.450775335018125, -8023.806680526762, 247060.15970645225]
      arm_lower:
        - [2864605.670798332, 6712.636322473453, 167829.30659848632]
        - [6712.636322473453, 2549080.993510789, -51109.964517933375]
        - [167829.30659848632, -51109.964517933375, 548929.3039286766]
      arm_upper:
        - [2705052.2458584313, -3758.078470294475, 21593.385695597986]
        - [-3758.078470294475, 2908326.4472761448, 137727.2872150956]
        - [21593.385695597986, 137727.2872150956, 646325.0412648906]
      foot:
        - [2623281.995580553, -5029.662971005353, -32589.3270991315]
        - [-5029.662971005353, 3351002.3927185666, -19561.966425274906]
        - [-32589.3270991315, -19561.966425274906, 1118872.2533676692]
      head:
        - [2543518.3796773735, 137.6869592834263, 572.3769196969894]
        - [137.6869592834263, 2117435.598308671, -42765.36463593645]
        - [572.3769196969894, -42765.36463593645, 3091566.9068950885]
      hip_block:
        - [312468.1596586752, -12.405805555499168, 17.450775335018125]
        - [-12.405805555499168, 174250.2908081992, -8023.806680526762]
        - [17.450775335018125, -8023.806680526762, 247060.15970645225]
      leg_lower:
        - [5076720.532416054, -209468.28971600323, -112368.73175853764]
        - [-209468.28971600323, 1951063.7566315052, -1344325.8773387424]
        - [-112368.73175853764, -1344325.8773387424, 3510500.441684674]
      leg_upper:
        - [1987677.25673786, -1877.2911614409277, 116.16244748680042]
        - [-1877.2911614409277, 514206.2824102141, 389004.62880152557]
        - [116.16244748680042, 389004.62880152557, 1770231.1070404344]
      torso:
        - [773664.1988070706, -2240.6701375314437, 1.875854934315437]
        - [-2240.6701375314437, 995504.2383720246, 47349.342766225214]
        - [1.875854934315437, 47349.342766225214, 985622.3607185896]


team_darwin_chest_to_origin: 0.18 # - leg.hip_offset[2] # rough
