Battery:
  Area: 0.024274000000000004
  CoM: [-0.03049999999999999, 8.43769498715119e-17, 0.023999999931063297]
  Tensor:
  - [0.0019304166666666654, -4.805893683054178e-19, -2.3254528919729937e-19]
  - [-4.805893683054178e-19, 0.00023416666666666548, 3.390934444191963e-19]
  - [-2.3254528919729937e-19, 3.390934444191963e-19, 0.001856416666666669]
  Volume: 0.00019461800000000003
  bBoxMax: [-0.01499999999999996, 0.07300000000000004, 0.0454999999310633]
  bBoxMin: [-0.046000000000000006, -0.07299999999999988, 0.0024999999310632913]
Battery_Cover_Back_Plate:
  Area: 0.029021160276890418
  CoM: [-0.06029846356866389, 4.2356826829745844e-05, 0.054550608537189314]
  Tensor:
  - [0.0021490890315457403, 2.5888572681447045e-06, 3.9659068873352037e-05]
  - [2.5888572681447045e-06, 0.0006547468885801784, -9.828677552884571e-06]
  - [3.9659068873352037e-05, -9.828677552884571e-06, 0.001521863194843721]
  Volume: 3.388184340106038e-05
  bBoxMax: [-0.0475160239334403, 0.07700046693719795, 0.09785322328834564]
  bBoxMin: [-0.06707466385058147, -0.07744908502269997, 0.010657959623022756]
Handle:
  Area: 0.02391229384316735
  CoM: [-0.052999392692849236, 6.641500774762221e-07, 0.17446044279401307]
  Tensor:
  - [0.0016110421329406715, 1.0135295808459385e-09, -8.91658570538e-05]
  - [1.0135295808459385e-09, 0.0003318308412240896, 1.746769609627562e-08]
  - [-8.91658570538e-05, 1.746769609627562e-08, 0.001529796078886097]
  Volume: 3.243895974918059e-05
  bBoxMax: [-0.029199999046326034, 0.06580011134068489, 0.20396405081353247]
  bBoxMin: [-0.07174626383832196, -0.06580011134068733, 0.14974999725874633]
Hip_left:
  Area: 0.044498438108593365
  CoM: [-0.002182239425416095, 0.04605195346010214, -0.024755435159914185]
  Tensor:
  - [0.0008822260608090899, -1.7055231391090623e-06, -7.854427661648553e-06]
  - [-1.7055231391090623e-06, 0.0017446275715154703, 2.5331794090224253e-05]
  - [-7.854427661648553e-06, 2.5331794090224253e-05, 0.001996990306593893]
  Volume: 7.774645370749495e-05
  bBoxMax: [0.054250000000000166, 0.09480271633560283, 1.4210854715202004e-16]
  bBoxMin: [-0.05424999950911271, 0.0007500000156697029, -0.07350000000000012]
Hip_right:
  Area: 0.044567379209527684
  CoM: [-0.002183091866549065, -0.04605196792423378, -0.024756339835721945]
  Tensor:
  - [0.0008822908208723853, 1.6774497281140121e-06, -7.823405160594508e-06]
  - [1.6774497281140121e-06, 0.0017446691851970998, -2.533160764801179e-05]
  - [-7.823405160594508e-06, -2.533160764801179e-05, 0.0019969672270540887]
  Volume: 7.774463481947756e-05
  bBoxMax: [0.05425000000000001, -0.0007500000156692543, 1.4210854715202004e-16]
  bBoxMin: [-0.05425000001360576, -0.09480269766054934, -0.07350000000000012]
MX-106R_Hip_Yaw_Left:
  Area: 0.016855820032296128
  CoM: [0.015732946879845486, 0.05499637259774392, 0.02603914664242065]
  Tensor:
  - [0.000266602944936545, -1.898088249956864e-08, -1.2276424221205794e-05]
  - [-1.898088249956864e-08, 0.0004780762842777726, 2.6699686262489813e-08]
  - [-1.2276424221205794e-05, 2.6699686262489813e-08, 0.0003780020443508724]
  Volume: 8.652817376524783e-05
  bBoxMax: [0.05060000000000022, 0.07510000000000003, 0.050999999219179096]
  bBoxMin: [-0.014499999999350472, 0.0348999999999999, -0.004300000780821045]
MX-106R_Hip_Yaw_Right:
  Area: 0.016855820032296128
  CoM: [0.0157329468798453, -0.05500362740225609, 0.026039146642420696]
  Tensor:
  - [0.000266602944936545, -1.8980882499699396e-08, -1.2276424221205726e-05]
  - [-1.8980882499699396e-08, 0.0004780762842777724, 2.669968626275133e-08]
  - [-1.2276424221205726e-05, 2.669968626275133e-08, 0.0003780020443508724]
  Volume: 8.652817376524783e-05
  bBoxMax: [0.050600000000000034, -0.03489999999999997, 0.05099999921917915]
  bBoxMin: [-0.01449999999935066, -0.07510000000000011, -0.004300000780821001]
MX-64AT_AR_Head_Pitch:
  Area: 0.015437808817742437
  CoM: [-0.006037340172290435, -0.0015998434503701033, 0.2411591619288128]
  Tensor:
  - [0.0004111124111540318, 1.3444829354587089e-10, -3.6469345836421835e-10]
  - [1.3444829354587089e-10, 0.00034317494217641443, -1.2460217686668395e-05]
  - [-3.6469345836421835e-10, -1.2460217686668395e-05, 0.00023338989035478087]
  Volume: 7.210449210548035e-05
  bBoxMax: [0.014062667769949626, 0.026037361164420923, 0.2703499919176101]
  bBoxMin: [-0.026137332230050617, -0.02396263883557922, 0.20824999191760984]
MX-64AT_AR_Head_Yaw:
  Area: 0.015437808817742437
  CoM: [0.0071908299887588215, 7.942240189325107e-09, 0.18561279216655824]
  Tensor:
  - [0.00023338989035478282, -3.6469345795694703e-10, 1.2460217686668317e-05]
  - [-3.6469345795694703e-10, 0.00041111241115402173, -1.3444829387060602e-10]
  - [1.2460217686668317e-05, -1.3444829387060602e-10, 0.00034317494217642484]
  Volume: 7.210449210548035e-05
  bBoxMax: [0.04009999999996168, 0.02010000000000034, 0.21324999678134918]
  bBoxMin: [-0.022000000000038485, -0.020099999999999833, 0.16324999678134916]
MX-64AT_AR_Left_Pitch:
  Area: 0.015437808817742437
  CoM: [0.015190829988797581, 0.05386279490837171, 0.1777499893874723]
  Tensor:
  - [0.00023338989035478282, 1.2460217686668475e-05, 3.646934580503856e-10]
  - [1.2460217686668475e-05, 0.0003431749421764245, 1.3444829494340727e-10]
  - [3.646934580503856e-10, 1.3444829494340727e-10, 0.0004111124111540224]
  Volume: 7.210449210548035e-05
  bBoxMax: [0.04810000000000041, 0.08149999952316271, 0.19784999732971223]
  bBoxMin: [-0.013999999999999685, 0.03149999952316261, 0.15764999732971222]
MX-64AT_AR_Right_Pitch:
  Area: 0.015437808817742437
  CoM: [0.015190829988797408, -0.053862794908372036, 0.17775000527195217]
  Tensor:
  - [0.00023338989035478282, -1.2460217686668317e-05, -3.6469345836421835e-10]
  - [-1.2460217686668317e-05, 0.0003431749421764245, 1.3444829243274544e-10]
  - [-3.6469345836421835e-10, 1.3444829243274544e-10, 0.000411112411154023]
  Volume: 7.210449210548035e-05
  bBoxMax: [0.048100000000000274, -0.031499999523162965, 0.19784999732971226]
  bBoxMin: [-0.013999999999999915, -0.08149999952316303, 0.15764999732971222]
NUC_Shelf:
  Area: 0.00047595128701885384
  CoM: [0.03405939636230315, 0.048016964922383144, 0.11822385199507421]
  Tensor:
  - [1.5196434370689013e-05, -8.9486249048317e-18, -4.589038412734205e-18]
  - [-8.9486249048317e-18, 1.5196433221751656e-05, -2.0558892089049242e-16]
  - [-4.589038412734205e-18, -2.0558892089049242e-16, 8.927751721139566e-06]
  Volume: 3.852377991464652e-07
  bBoxMax: [0.0385593963623033, 0.052516964922833705, 0.1253499987840651]
  bBoxMin: [0.029559396362303064, 0.04351696492283348, 0.11384999878406508]
Servo_support:
  Area: 0.00861276171621756
  CoM: [0.010000000040351082, 6.0751403907488565e-15, 0.1733295121778776]
  Tensor:
  - [0.000928260515198286, 2.9392533235280644e-19, -3.565060176134108e-18]
  - [2.9392533235280644e-19, 0.00025802069243100357, 2.6263789613996954e-17]
  - [-3.565060176134108e-18, 2.6263789613996954e-17, 0.0006809064894339092]
  Volume: 1.9042104560802882e-05
  bBoxMax: [0.014000000040351401, 0.045500000517196035, 0.20102496375128634]
  bBoxMin: [0.006000000040350688, -0.045500000517183566, 0.1518876053387903]
Shoulder_Cover_Left:
  Area: 0.00500443668122157
  CoM: [0.034017839812094365, 0.05386411081406057, 0.2142940187055553]
  Tensor:
  - [0.0003279907408778417, 4.3399334723737304e-06, 0.00033323012024799364]
  - [4.3399334723737304e-06, 0.000759173379492128, 1.1487109262765405e-06]
  - [0.00033323012024799364, 1.1487109262765405e-06, 0.000495232691333784]
  Volume: 6.318258340532612e-06
  bBoxMax: [0.06435554201943633, 0.06399999998102887, 0.23545014066893308]
  bBoxMin: [-0.0059999999999997035, 0.04398256054231122, 0.17890029207364308]
Shoulder_Cover_Right:
  Area: 0.005004497322503119
  CoM: [0.034016995755677785, -0.053863693762358944, 0.21429210954862732]
  Tensor:
  - [0.0003280221477060694, -4.357926507597996e-06, 0.0003332519434567955]
  - [-4.357926507597996e-06, 0.0007592442160810079, -1.129622369856502e-06]
  - [0.0003332519434567955, -1.129622369856502e-06, 0.0004952933830352616]
  Volume: 6.3204992005424504e-06
  bBoxMax: [0.06435554201943615, -0.04398256054231136, 0.23545014066893308]
  bBoxMin: [-0.0059999999993960796, -0.06400000000000011, 0.17890029207364308]
Shoulder_left:
  Area: 0.04520714977488872
  CoM: [3.446321131130823e-05, 0.10474038649748789, 0.1751998959912254]
  Tensor:
  - [0.0008638625904203622, 8.704877780491979e-07, 1.143647158261735e-06]
  - [8.704877780491979e-07, 0.0011043564986118958, 4.719865877356489e-05]
  - [1.143647158261735e-06, 4.719865877356489e-05, 0.001152448941455779]
  Volume: 7.045390542510838e-05
  bBoxMax: [0.03999999999296761, 0.1553962902911078, 0.21774999732971229]
  bBoxMin: [-0.0399999999929658, 0.07599999999999936, 0.13626498011425042]
Shoulder_right:
  Area: 0.005231118971896236
  CoM: [0.0004815822099325459, -0.07750000000000007, 0.17162544908095065]
  Tensor:
  - [0.0003157309505562228, -7.190721516805146e-19, 1.3522993608701596e-05]
  - [-7.190721516805146e-19, 0.0006597537064449584, -2.390681439353399e-18]
  - [1.3522993608701596e-05, -2.390681439353399e-18, 0.00034418942255539807]
  Volume: 2.3663493150953166e-06
  bBoxMax: [0.03400000000000013, -0.07700000000000001, 0.2117499973297121]
  bBoxMin: [-0.033999999999999836, -0.0780000000000001, 0.13811066934111868]
Speaker_Plug:
  Area: 0.001981560860602624
  CoM: [0.04911376742355606, -1.3114977772232806e-07, 0.2017887929905532]
  Tensor:
  - [7.529508313356494e-05, 2.764512099449514e-10, 5.302373287803816e-06]
  - [2.764512099449514e-10, 2.9694918172113803e-05, -1.7595541171092886e-10]
  - [5.302373287803816e-06, -1.7595541171092886e-10, 7.769690356495672e-05]
  Volume: 4.35426632472651e-06
  bBoxMax: [0.059572330999228214, 0.019500000000000916, 0.2117261365557701]
  bBoxMin: [0.037965663356115294, -0.01950000000000113, 0.19156129349262593]
Top_Back_Cover:
  Area: 0.021044430640020886
  CoM: [-0.06335562792495787, -1.6823152110958616e-05, 0.12023011802069267]
  Tensor:
  - [0.002414134194864806, -3.6489217110903603e-07, 1.3344707934925203e-05]
  - [-3.6489217110903603e-07, 0.00041725521206453114, 2.916154108835592e-06]
  - [1.3344707934925203e-05, 2.916154108835592e-06, 0.0020337326107884514]
  Volume: 2.060227345901522e-05
  bBoxMax: [-0.05203322656854068, 0.07680825778352385, 0.15831472455922907]
  bBoxMin: [-0.0712567772378815, -0.07680825424160587, 0.08598998227111126]
Torso_bottom:
  Area: 0.1937497253045552
  CoM: [0.014356326958873655, 4.947647706996353e-06, 0.04161608434123006]
  Tensor:
  - [0.005480118647978779, -8.700322985044045e-08, -0.00022588607902630081]
  - [-8.700322985044045e-08, 0.0032891472351441143, -2.6152382245721025e-07]
  - [-0.00022588607902630081, -2.6152382245721025e-07, 0.00531720198110967]
  Volume: 0.00027760288044052913
  bBoxMax: [0.06720398432908256, 0.09500312247318778, 0.107750000000001]
  bBoxMin: [-0.06186140301250829, -0.09500312247318782, -0.0217500000000004]
Torso_top:
  Area: 0.2147062150170609
  CoM: [0.008022509450239976, 6.347807446225317e-06, 0.17243011891990526]
  Tensor:
  - [0.005309890653885502, -2.421249736919756e-07, 0.00044076328176593805]
  - [-2.421249736919756e-07, 0.0033445986255963896, 4.150177668593861e-07]
  - [0.00044076328176593805, 4.150177668593861e-07, 0.005380355578878489]
  Volume: 0.0002691706622610054
  bBoxMax: [0.06776530358455347, 0.09035406019292963, 0.24046704048230325]
  bBoxMin: [-0.06233577647027345, -0.09035406019292953, 0.10364999732971215]
