Battery:
  Area: 0.024274000000000004
  CoM: [-0.0155, 0.02199999999999991, 0.020174311485495245]
  Tensor:
  - [0.001930416666666668, 1.7440896689797453e-19, 0.0]
  - [1.7440896689797453e-19, 0.00023416666666666684, 2.9068161149662424e-19]
  - [0.0, 2.9068161149662424e-19, 0.0018564166666666672]
  Volume: 0.00019461800000000003
  bBoxMax: [0.0, 0.09499999999999992, 0.04167431148549525]
  bBoxMin: [-0.031, -0.0510000000000001, -0.0013256885145047548]
Battery_Cover_Back_Plate:
  Area: 0.029021160276890418
  CoM: [-0.2997333341304193, 0.06231620028354975, -0.014042732820018831]
  Tensor:
  - [0.0006547468885801818, -9.828677552885486e-06, 2.5888572681443762e-06]
  - [-9.828677552885486e-06, 0.0015218631948436655, 3.9659068873357546e-05]
  - [2.5888572681443762e-06, 3.9659068873357546e-05, 0.0021490890315457468]
  Volume: 3.388184340106038e-05
  bBoxMax: [-0.22277522402005104, 0.10561881503470602, -0.001260293184795631]
  bBoxMin: [-0.377224775979949, 0.018423551369383295, -0.020818933101936034]
Handle:
  Area: 0.02391229384316735
  CoM: [-0.29999933584992233, 0.1822104455358267, -0.006999393646523077]
  Tensor:
  - [0.0003318308412240003, 1.7467696095463512e-08, 1.0135295800012403e-09]
  - [1.7467696095463512e-08, 0.0015297960788862861, -8.916585705379983e-05]
  - [1.0135295800012403e-09, -8.916585705379983e-05, 0.0016110421329405878]
  Volume: 3.243895974918059e-05
  bBoxMax: [-0.23419988865931501, 0.21171405355534603, 0.016800000000000006]
  bBoxMin: [-0.3658001113406871, 0.15750000000056, -0.025746264791995665]
Hip_left:
  Area: 0.044498438108593365
  CoM: [-0.07105195346010194, 0.32079586320529585, 0.018446297090897453]
  Tensor:
  - [0.0017446275715155089, -2.5331794090234007e-05, -1.7055231390741353e-06]
  - [-2.5331794090234007e-05, 0.0019969903065938824, 7.854427661650062e-06]
  - [-1.7055231390741353e-06, 7.854427661650062e-06, 0.0008822260608091971]
  Volume: 7.774645370749495e-05
  bBoxMax: [-0.025750000015669645, 0.34555129836521004, 0.07051405717459391]
  bBoxMin: [-0.11980271633560254, 0.27205129836521, -0.0379859423345187]
Hip_right:
  Area: 0.044567379209527684
  CoM: [0.02105196792423396, 0.3207949585294881, 0.01844714953203026]
  Tensor:
  - [0.0017446691851971344, 2.5331607648002626e-05, 1.677449728147521e-06]
  - [2.5331607648002626e-05, 0.0019969672270540874, 7.823405160597539e-06]
  - [1.677449728147521e-06, 7.823405160597539e-06, 0.0008822908208724943]
  Volume: 7.774463481947756e-05
  bBoxMax: [0.0698026976605494, 0.34555129836521004, 0.0705140576790868]
  bBoxMin: [-0.024249999984330448, 0.27205129836521, -0.0379859423345187]
MX-106R_Hip_Yaw_Left:
  Area: 0.016855820032296128
  CoM: [3.6274022560518777e-06, -0.01573294687984536, 0.0004608525767583823]
  Tensor:
  - [0.00047807628427777306, -1.8980882499913725e-08, 2.6699686262577732e-08]
  - [-1.8980882499913725e-08, 0.00026660294493654476, -1.2276424221205946e-05]
  - [2.6699686262577732e-08, -1.2276424221205946e-05, 0.00037800204435087194]
  Volume: 8.652817376524783e-05
  bBoxMax: [0.020100000000000003, 0.014499999999350503, 0.0308]
  bBoxMin: [-0.020100000000000003, -0.050600000000000006, -0.0245]
MX-106R_Hip_Yaw_Right:
  Area: 0.016855820032296128
  CoM: [3.6274022560518777e-06, -0.01573294687984536, 0.0004608525767583823]
  Tensor:
  - [0.00047807628427777306, -1.8980882499913725e-08, 2.6699686262577732e-08]
  - [-1.8980882499913725e-08, 0.00026660294493654476, -1.2276424221205946e-05]
  - [2.6699686262577732e-08, -1.2276424221205946e-05, 0.00037800204435087194]
  Volume: 8.652817376524783e-05
  bBoxMax: [0.020100000000000003, 0.014499999999350503, 0.0308]
  bBoxMin: [-0.020100000000000003, -0.050600000000000006, -0.0245]
MX-64AT_AR_Head_Pitch:
  Area: 0.015437808817742437
  CoM: [7.942239934875003e-09, -0.015190829988797228, 0.0003627953852090432]
  Tensor:
  - [0.000411112411154023, 3.6469345828320185e-10, -1.3444829384400904e-10]
  - [3.6469345828320185e-10, 0.00023338989035477878, -1.2460217686668343e-05]
  - [-1.3444829384400904e-10, -1.2460217686668343e-05, 0.0003431749421764255]
  Volume: 7.210449210548035e-05
  bBoxMax: [0.020100000000000003, 0.014000000000000004, 0.027999999999999997]
  bBoxMin: [-0.020100000000000003, -0.048100000000000004, -0.022000000000000002]
MX-64AT_AR_Head_Yaw:
  Area: 0.015437808817742437
  CoM: [7.942239934875003e-09, -0.015190829988797228, 0.0003627953852090432]
  Tensor:
  - [0.000411112411154023, 3.6469345828320185e-10, -1.3444829384400904e-10]
  - [3.6469345828320185e-10, 0.00023338989035477878, -1.2460217686668343e-05]
  - [-1.3444829384400904e-10, -1.2460217686668343e-05, 0.0003431749421764255]
  Volume: 7.210449210548035e-05
  bBoxMax: [0.020100000000000003, 0.014000000000000004, 0.027999999999999997]
  bBoxMin: [-0.020100000000000003, -0.048100000000000004, -0.022000000000000002]
MX-64AT_AR_Left_Pitch:
  Area: 0.015437808817742437
  CoM: [7.942239934875003e-09, -0.015190829988797228, 0.0003627953852090432]
  Tensor:
  - [0.000411112411154023, 3.6469345828320185e-10, -1.3444829384400904e-10]
  - [3.6469345828320185e-10, 0.00023338989035477878, -1.2460217686668343e-05]
  - [-1.3444829384400904e-10, -1.2460217686668343e-05, 0.0003431749421764255]
  Volume: 7.210449210548035e-05
  bBoxMax: [0.020100000000000003, 0.014000000000000004, 0.027999999999999997]
  bBoxMin: [-0.020100000000000003, -0.048100000000000004, -0.022000000000000002]
MX-64AT_AR_Right_Pitch:
  Area: 0.015437808817742437
  CoM: [7.942239934875003e-09, -0.015190829988797228, 0.0003627953852090432]
  Tensor:
  - [0.000411112411154023, 3.6469345828320185e-10, -1.3444829384400904e-10]
  - [3.6469345828320185e-10, 0.00023338989035477878, -1.2460217686668343e-05]
  - [-1.3444829384400904e-10, -1.2460217686668343e-05, 0.0003431749421764255]
  Volume: 7.210449210548035e-05
  bBoxMax: [0.020100000000000003, 0.014000000000000004, 0.027999999999999997]
  bBoxMin: [-0.020100000000000003, -0.048100000000000004, -0.022000000000000002]
NUC_Shelf:
  Area: 0.00047595128701885384
  CoM: [0.04850487662358466, 0.12597385321100912, 0.07859999999999995]
  Tensor:
  - [1.5196433221738808e-05, -2.0375330552539875e-16, -4.130134571460785e-18]
  - [-2.0375330552539875e-16, 8.927751721139566e-06, -3.671230730187363e-18]
  - [-4.130134571460785e-18, -3.671230730187363e-18, 1.5196434370679834e-05]
  Volume: 3.852377991464652e-07
  bBoxMax: [0.0530048766240351, 0.1331, 0.0831]
  bBoxMin: [0.0440048766240351, 0.1216, 0.0741]
Servo_support:
  Area: 0.00861276171621756
  CoM: [-0.29999999995964705, 0.1818045484265928, 0.003999999999999998]
  Tensor:
  - [0.00025802069243101305, 9.506827136357621e-18, 1.4854417400558783e-19]
  - [9.506827136357621e-18, 0.0006809064894339268, -1.4854417400558783e-19]
  - [1.4854417400558783e-19, -1.4854417400558783e-19, 0.0009282605151982529]
  Volume: 1.9042104560802882e-05
  bBoxMax: [-0.25449999944245805, 0.20950000000000002, 0.008]
  bBoxMin: [-0.34550000047683604, 0.16036264158750702, 0.0]
Shoulder_Cover_Left:
  Area: 0.00500443668122157
  CoM: [0.05386411081406069, 0.22204402137584325, 0.08001783981209407]
  Tensor:
  - [0.0007591733794921636, 1.1487109262819128e-06, 4.339933472397459e-06]
  - [1.1487109262819128e-06, 0.0004952326913337716, 0.00033323012024799625]
  - [4.339933472397459e-06, 0.00033323012024799625, 0.00032799074087786325]
  Volume: 6.318258340532612e-06
  bBoxMax: [0.0639999999810289, 0.24320014333922102, 0.11035554201943601]
  bBoxMin: [0.043982560542311394, 0.18665029474393102, 0.04]
Shoulder_Cover_Right:
  Area: 0.005004497322503119
  CoM: [-0.053863693762358895, 0.2220421122189153, 0.08001699575567767]
  Tensor:
  - [0.0007592442160810293, -1.1296223698547118e-06, -4.357926507575172e-06]
  - [-1.1296223698547118e-06, 0.0004952933830352598, 0.0003332519434567955]
  - [-4.357926507575172e-06, 0.0003332519434567955, 0.0003280221477060909]
  Volume: 6.3204992005424504e-06
  bBoxMax: [-0.043982560542311394, 0.24320014333922102, 0.11035554201943601]
  bBoxMin: [-0.064, 0.18665029474393102, 0.0400000000006038]
Shoulder_left:
  Area: 0.04520714977488872
  CoM: [-0.17874038649748797, -0.0025501013384868513, -3.446321131053094e-05]
  Tensor:
  - [0.001104356498611888, -4.7198658773555154e-05, 8.704877780554558e-07]
  - [-4.7198658773555154e-05, 0.001152448941455824, -1.1436471582611472e-06]
  - [8.704877780554558e-07, -1.1436471582611472e-06, 0.0008638625904204187]
  Volume: 7.045390542510838e-05
  bBoxMax: [-0.15, 0.039999999999999994, 0.03999999999296621]
  bBoxMin: [-0.22939629029110734, -0.0414850172154618, -0.03999999999296621]
Shoulder_right:
  Area: 0.005231118971896236
  CoM: [-0.0005, -0.006124548248761504, -0.00048158220993241004]
  Tensor:
  - [0.0006597537064449574, -9.338599372474215e-21, -4.705778590035835e-21]
  - [-9.338599372474215e-21, 0.00034418942255540013, -1.352299360870162e-05]
  - [-4.705778590035835e-21, -1.352299360870162e-05, 0.000315730950556224]
  Volume: 2.3663493150953166e-06
  bBoxMax: [0.0, 0.03400000000000001, 0.034]
  bBoxMin: [-0.001, -0.0396393279885935, -0.034000000000000016]
Speaker_Plug:
  Area: 0.001981560860602624
  CoM: [-0.30000013114977764, 0.20953879566084108, 0.09511376742355589]
  Tensor:
  - [2.9694918172181373e-05, -1.759554037955338e-10, 2.764512565056647e-10]
  - [-1.759554037955338e-10, 7.769690356487518e-05, 5.3023732878051154e-06]
  - [2.764512565056647e-10, 5.3023732878051154e-06, 7.529508313359611e-05]
  Volume: 4.35426632472651e-06
  bBoxMax: [-0.280499999999999, 0.219476139226058, 0.10557233099922801]
  bBoxMin: [-0.319500000000001, 0.19931129616291382, 0.08396566335611513]
Top_Back_Cover:
  Area: 0.021044430640020886
  CoM: [-1.6824923070041803e-05, -0.017355628044166328, -0.12732524831058498]
  Tensor:
  - [0.00041725521206452447, -3.648921710909371e-07, -2.9161541088197785e-06]
  - [-3.648921710909371e-07, 0.0024141341948648587, -1.3344707934933168e-05]
  - [-2.9161541088197785e-06, -1.3344707934933168e-05, 0.002033732610788448]
  Volume: 2.060227345901522e-05
  bBoxMax: [0.07680825601256419, -0.006033226687750019, -0.09308511256100443]
  bBoxMin: [-0.07680825601256439, -0.025256777357089085, -0.16540985484912052]
Torso_bottom:
  Area: 0.1937497253045552
  CoM: [4.947647707028881e-06, -0.06035632695887347, 0.039366080908002296]
  Tensor:
  - [0.0032891472351441273, 8.700322984523869e-08, -2.615238224606453e-07]
  - [8.700322984523869e-08, 0.005480118647978768, 0.00022588607902630092]
  - [-2.615238224606453e-07, 0.00022588607902630092, 0.005317201981109655]
  Volume: 0.00027760288044052913
  bBoxMax: [0.09500312247318765, 0.015861403012508095, 0.105499996566773]
  bBoxMin: [-0.09500312247318765, -0.113203984329082, -0.0240000034332279]
Torso_top:
  Area: 0.2147062150170609
  CoM: [-0.29999365219255386, 0.18018012159019303, 0.0540225094502397]
  Tensor:
  - [0.0033445986255963944, 4.1501776687824793e-07, -2.421249736591492e-07]
  - [4.1501776687824793e-07, 0.005380355578878548, 0.00044076328176593865]
  - [-2.421249736591492e-07, 0.00044076328176593865, 0.005309890653885577]
  Volume: 0.0002691706622610054
  bBoxMax: [-0.20964593980707064, 0.2482170431525909, 0.113765303584553]
  bBoxMin: [-0.39035406019292934, 0.11139999999999997, -0.0163357764702735]
