Ankle_cover_left:
  Area: 0.0031905662984738547
  CoM: [0.11143279569153836, -0.10478838876659081, 0.006336767001399259]
  Tensor:
  - [0.0002086024782316722, -7.609937175977535e-06, 1.0600906839429583e-05]
  - [-7.609937175977535e-06, 0.00014096069042653306, -1.9021905907181084e-05]
  - [1.0600906839429583e-05, -1.9021905907181084e-05, 7.738910618296092e-05]
  Volume: 3.2021923374785877e-06
  bBoxMax: [0.11617099730140516, -0.09011814523149089, 0.02902933262008462]
  bBoxMin: [0.10800000000000001, -0.12411744883347987, -0.01895575313597494]
Leg_Lower_Bar:
  Area: 0.003618338239966428
  CoM: [-0.09249999820383117, 0.1774104036466679, -0.03792200982161312]
  Tensor:
  - [7.54927519649467e-05, -7.495155523699259e-11, 9.996365653214664e-11]
  - [-7.495155523699259e-11, 0.0002125439425535225, -1.928027420906494e-05]
  - [9.996365653214664e-11, -1.928027420906494e-05, 0.0001937565269821922]
  Volume: 3.9816553931059585e-06
  bBoxMax: [-0.0729999885559088, 0.18925624259861704, -0.0260566261330195]
  bBoxMin: [-0.11199998855590901, 0.16574471950026, -0.0525575529991524]
Leg_Lower_Inside_Left:
  Area: 0.050126916166198285
  CoM: [-0.025316090989802354, -0.007800147682309675, 0.0028894928226441785]
  Tensor:
  - [0.004502234350951519, -0.00023730486855831615, -4.691536947111297e-05]
  - [-0.00023730486855831615, 0.0005530240495581404, -0.0006319217232916717]
  - [-4.691536947111297e-05, -0.0006319217232916717, 0.0041170272451164155]
  Volume: 8.725025572051777e-05
  bBoxMax: [-0.0026000000000000025, 0.11001696404568129, 0.041518163055818326]
  bBoxMin: [-0.03738900004302582, -0.1246755266642205, -0.047283283447832794]
Leg_Lower_Outside_Left:
  Area: 0.05273819111791126
  CoM: [-0.04851970186365028, 0.16334509490843416, 0.07315817894874901]
  Tensor:
  - [0.004199465777098408, -0.00012584398969475973, -0.00016257829187680734]
  - [-0.00012584398969475973, 0.002546854169778567, -0.0017092329045439356]
  - [-0.00016257829187680734, -0.0017092329045439356, 0.0018254129178193576]
  Volume: 9.367153285990021e-05
  bBoxMax: [-0.03361886814094163, 0.26536993996025116, 0.16442794446662487]
  bBoxMin: [-0.06978244094848889, 0.07242245691608151, -0.018285021958849387]
