Battery:
  Area: 0.024273999999999983
  CoM: [-0.030499999999999992, 1.021405182655144e-16, 0.02399999993106328]
  Tensor:
    - [0.0019304166666666688, -9.061055597238423e-19, 1.162726445986498e-19]
    - [-9.061055597238423e-19, 0.00023416666666666621, 9.646894759467642e-21]
    - [1.162726445986498e-19, 9.646894759467642e-21, 0.001856416666666669]
  Volume: 0.00019461799999999984
  bBoxMax: [-0.014999999999999965, 0.07300000000000013, 0.04549999993106326]
  bBoxMin: [-0.04600000000000002, -0.0729999999999999, 0.002499999931063297]
Battery_Cover_Back_Plate:
  Area: 0.029026947925938885
  CoM: [-0.06029862810561808, 2.929534316344018e-05, 0.054552158441882]
  Tensor:
    - [0.0021491484137515877, 2.6064866217981647e-06, 3.965354311016664e-05]
    - [2.6064866217981647e-06, 0.000654708462962489, -9.969196667439289e-06]
    - [3.965354311016664e-05, -9.969196667439289e-06, 0.0015219574673038458]
  Volume: 3.388393620500864e-05
  bBoxMax: [-0.047516023933440364, 0.07700046693719795, 0.09785322328834566]
  bBoxMin: [-0.06707466385058154, -0.07744908502270004, 0.010657959623022753]
Handle:
  Area: 0.02391342498707069
  CoM: [-0.05300262781531708, 1.9570201599350414e-06, 0.2644687226824212]
  Tensor:
    - [0.0016107640917999533, -8.253629429441358e-09, -8.925967168344742e-05]
    - [-8.253629429441358e-09, 0.0003318104109524437, 3.044967667216138e-08]
    - [-8.925967168344742e-05, 3.044967667216138e-08, 0.0015295903261001343]
  Volume: 3.242256802428539e-05
  bBoxMax: [-0.02919999904632606, 0.06580011134068506, 0.2939640508135325]
  bBoxMin: [-0.07174626383832194, -0.06580011134068699, 0.23974999725874632]
Head_Bracket:
  Area: 0.0030861039174119084
  CoM: [-0.006449354538212109, 5.090962500248685e-14, 0.30170511800542754]
  Tensor:
    - [6.748271628214402e-05, -6.549845640480519e-17, -6.76903760138223e-08]
    - [-6.549845640480519e-17, 0.00010480356920713353, 4.423061915585364e-18]
    - [-6.76903760138223e-08, 4.423061915585364e-18, 0.0001661130982022988]
  Volume: 4.300254098608543e-06
  bBoxMax: [0.02099999999996162, 0.015000000000000329, 0.304749996781349]
  bBoxMin: [-0.023000000000038438, -0.014999999999999746, 0.298749996781349]
Hip_left:
  Area: 0.02730048386336941
  CoM: [-4.681291912156382e-07, 0.0575654067177972, -0.01937805147325543]
  Tensor:
    - [0.0005944155585250848, -1.428114116647028e-09, -1.1541278896088544e-08]
    - [-1.428114116647028e-09, 0.001599202281570178, -1.8354623609862806e-05]
    - [-1.1541278896088544e-08, -1.8354623609862806e-05, 0.001543970901775867]
  Volume: 8.213672489332763e-05
  bBoxMax: [0.05349986927360276, 0.0935000000000002, 0.0004999992789360519]
  bBoxMin: [-0.05349992477347979, 0.021500000000000154, -0.0729757958679338]
Hip_right:
  Area: 0.02730048386336941
  CoM: [4.681291911179386e-07, -0.05756540671779717, -0.019378051473255484]
  Tensor:
    - [0.000594415558525086, -1.4281141238336876e-09, 1.1541278899359251e-08]
    - [-1.4281141238336876e-09, 0.0015992022815701629, 1.835462360986308e-05]
    - [1.1541278899359251e-08, 1.835462360986308e-05, 0.0015439709017758666]
  Volume: 8.213672489332763e-05
  bBoxMax: [0.05349992477347984, -0.021499999999999984, 0.0004999992789359809]
  bBoxMin: [-0.05349986927360307, -0.09350000000000026, -0.07297579586793387]
MX-106R_Hip_Yaw_Left:
  Area: 0.01685581967725133
  CoM: [0.015732946903103007, 0.05499637259904846, 0.02603914661637472]
  Tensor:
    - [0.0002666029445241382, -1.8980850803759137e-08, -1.2276424837310643e-05]
    - [-1.8980850803759137e-08, 0.0004780762835667504, 2.6699656160222787e-08]
    - [-1.2276424837310643e-05, 2.6699656160222787e-08, 0.0003780020441783008]
  Volume: 8.652817367755329e-05
  bBoxMax: [0.05060000000000019, 0.07510000000000003, 0.05099999921917913]
  bBoxMin: [-0.014499999999350466, 0.0348999999999999, -0.004300000780820987]
MX-106R_Hip_Yaw_Right:
  Area: 0.01685581967725133
  CoM: [0.01573294690310282, -0.05500362740095154, 0.02603914661637472]
  Tensor:
    - [0.0002666029445241382, -1.8980850803759137e-08, -1.2276424837310643e-05]
    - [-1.8980850803759137e-08, 0.0004780762835667504, 2.6699656160222787e-08]
    - [-1.2276424837310643e-05, 2.6699656160222787e-08, 0.0003780020441783014]
  Volume: 8.652817367755329e-05
  bBoxMax: [0.050600000000000006, -0.034899999999999966, 0.05099999921917913]
  bBoxMin: [-0.014499999999350654, -0.0751000000000001, -0.004300000780820987]
MX-64AT_AR_Head_Pitch:
  Area: 0.015437807046485978
  CoM: [-0.006037340136056384, -0.0015998424723486864, 0.3311591385466977]
  Tensor:
    - [0.00041111286407695814, 1.3442521332049895e-10, -3.634631706702506e-10]
    - [1.3442521332049895e-10, 0.0003431754265699203, -1.2460217670400082e-05]
    - [-3.634631706702506e-10, -1.2460217670400082e-05, 0.00023339017064672566]
  Volume: 7.210449210572104e-05
  bBoxMax: [0.014062667769949551, 0.026037361164420906, 0.36034999191760997]
  bBoxMin: [-0.026137332230050533, -0.023962638835579163, 0.2982499919176099]
MX-64AT_AR_Head_Yaw:
  Area: 0.015437807046485978
  CoM: [0.007190853370873852, 7.906006162781508e-09, 0.2756127931445794]
  Tensor:
    - [0.00023339017064672623, -3.6346317037709925e-10, 1.246021767040016e-05]
    - [-3.6346317037709925e-10, 0.00041111286407696817, -1.3442521344603043e-10]
    - [1.246021767040016e-05, -1.3442521344603043e-10, 0.0003431754265699087]
  Volume: 7.210449210572104e-05
  bBoxMax: [0.04009999999996163, 0.02010000000000033, 0.303249996781349]
  bBoxMin: [-0.022000000000038464, -0.020099999999999788, 0.25324999678134896]
MX-64AT_AR_Left_Pitch:
  Area: 0.015437807046485978
  CoM: [0.01519085337091264, 0.053862795886393144, 0.2677499894237061]
  Tensor:
    - [0.00023339017064671615, 1.246021767040032e-05, 3.6346317098408334e-10]
    - [1.246021767040032e-05, 0.0003431754265699203, 1.3442521317338987e-10]
    - [3.6346317098408334e-10, 1.3442521317338987e-10, 0.000411112864076972]
  Volume: 7.210449210572104e-05
  bBoxMax: [0.04810000000000044, 0.08149999952316275, 0.287849997329712]
  bBoxMin: [-0.013999999999999681, 0.03149999952316263, 0.247649997329712]
MX-64AT_AR_Right_Pitch:
  Area: 0.015437807046485978
  CoM: [0.015190853370912442, -0.05386279588639345, 0.26775000523571785]
  Tensor:
    - [0.00023339017064672623, -1.2460217670399847e-05, -3.634631697287524e-10]
    - [-1.2460217670399847e-05, 0.0003431754265699203, 1.3442521066272804e-10]
    - [-3.634631697287524e-10, 1.3442521066272804e-10, 0.000411112864076972]
  Volume: 7.210449210572104e-05
  bBoxMax: [0.048100000000000226, -0.03149999952316295, 0.287849997329712]
  bBoxMin: [-0.013999999999999891, -0.08149999952316307, 0.247649997329712]
NUC_Shelf:
  Area: 0.027105819687246256
  CoM: [-0.06381015815865712, 6.96565696988594e-06, 0.1303061687215168]
  Tensor:
    - [0.0025119567878874372, 2.4064457109638217e-08, 2.1458018571167557e-05]
    - [2.4064457109638217e-08, 0.000787068147511376, 1.7300710138589284e-06]
    - [2.1458018571167557e-05, 1.7300710138589284e-06, 0.0017538401261748453]
  Volume: 2.5072165543225015e-05
  bBoxMax: [-0.05249999887932669, 0.06520697428167378, 0.18826120582630376]
  bBoxMin: [-0.07089365904059076, -0.06520697428167387, 0.08598998227099988]
Servo_support:
  Area: 0.025608789613152674
  CoM: [-0.008849939291040311, -0.005301613251387175, 0.11155321570464771]
  Tensor:
    - [0.0012717979963879928, -1.8958824096828573e-05, -8.577434433709878e-07]
    - [-1.8958824096828573e-05, 0.0013651721054493535, -1.905367161505522e-05]
    - [-8.577434433709878e-07, -1.905367161505522e-05, 0.002624939336986935]
  Volume: 3.440105707238822e-05
  bBoxMax: [0.05345939636230598, 0.06251208829880128, 0.11384999878406536]
  bBoxMin: [-0.06504060363769718, -0.06348791170120627, 0.09834999878406507]
Shoulder_Cover_Left:
  Area: 0.008612761716217561
  CoM: [0.0100000000403511, 5.790923296444816e-15, 0.26332951217787764]
  Tensor:
    - [0.0009282605151982146, 4.2263785795579734e-19, 2.9708834801117566e-18]
    - [4.2263785795579734e-19, 0.0002580206924310178, 2.28423191678164e-17]
    - [2.9708834801117566e-18, 2.28423191678164e-17, 0.000680906489433909]
  Volume: 1.9042104560802882e-05
  bBoxMax: [0.014000000040351419, 0.04550000051719575, 0.2910249637512864]
  bBoxMin: [0.006000000040350708, -0.04550000051718385, 0.24188760533879033]
Shoulder_Cover_Right:
  Area: 0.005004037300854476
  CoM: [0.03402156574370231, 0.05386301249191371, 0.3042904299657067]
  Tensor:
    - [0.0003280223779541771, 4.352832280055835e-06, 0.00033320185113511924]
    - [4.352832280055835e-06, 0.0007591247884785743, 1.13461559929435e-06]
    - [0.00033320185113511924, 1.13461559929435e-06, 0.0004951709659033776]
  Volume: 6.320050360567359e-06
  bBoxMax: [0.0643555420194363, 0.06399999998102884, 0.3254501406689332]
  bBoxMin: [-0.005999999999999756, 0.04398256054231118, 0.26890029207364313]
Shoulder_left:
  Area: 0.005004216763646536
  CoM: [0.03401240385381854, -0.0538632148350625, 0.30429606362334327]
  Tensor:
    - [0.0003279810700996246, -4.366845192765383e-06, 0.00033321308506518434]
    - [-4.366845192765383e-06, 0.0007591760188877623, -1.1222055862415524e-06]
    - [0.00033321308506518434, -1.1222055862415524e-06, 0.0004952588858874233]
  Volume: 6.3192706676841496e-06
  bBoxMax: [0.06435554201943608, -0.04398256054231146, 0.3254501406689332]
  bBoxMin: [-0.005999999999396178, -0.06400000000000022, 0.26890029207364313]
Shoulder_right:
  Area: 0.04520720484104397
  CoM: [3.449107059824598e-05, 0.10474037555529103, 0.2652007396434522]
  Tensor:
    - [0.000863789018770694, 8.705191212985448e-07, 1.1453155018568027e-06]
    - [8.705191212985448e-07, 0.0011043058482545242, 4.720559895781568e-05]
    - [1.1453155018568027e-06, 4.720559895781568e-05, 0.001152439816487686]
  Volume: 7.045288320676168e-05
  bBoxMax: [0.03999999999296767, 0.15539629029110755, 0.307749997329712]
  bBoxMin: [-0.03999999999296573, 0.07599999999999923, 0.2262649801142502]
Speaker_Plug:
  Area: 0.005231118971896233
  CoM: [0.00048158220993256334, -0.07750000000000008, 0.2616254490809505]
  Tensor:
    - [0.00031573095055622294, -2.801579811742265e-19, 1.3522993608701584e-05]
    - [-2.801579811742265e-19, 0.0006597537064449491, 2.3906814393534002e-18]
    - [1.3522993608701584e-05, 2.3906814393534002e-18, 0.0003441894225554018]
  Volume: 2.3663493150953157e-06
  bBoxMax: [0.03400000000000016, -0.07700000000000005, 0.301749997329712]
  bBoxMin: [-0.03399999999999985, -0.07800000000000012, 0.22811066934111848]
Top_Back_Cover:
  Area: 0.001981560840318953
  CoM: [0.04911376738239591, -1.3120181673542675e-07, 0.29178879306919736]
  Tensor:
    - [7.529508357162845e-05, 2.7639852624380165e-10, 5.3023733900100124e-06]
    - [2.7639852624380165e-10, 2.969491804276816e-05, -1.7601336417205186e-10]
    - [5.3023733900100124e-06, -1.7601336417205186e-10, 7.769690511425528e-05]
  Volume: 4.354266131320414e-06
  bBoxMax: [0.05957233099922817, 0.019500000000000916, 0.30172613655577013]
  bBoxMin: [0.03796566335611523, -0.019500000000001166, 0.28156129349262593]
Middle_Back_Cover:
  Area: 0.020160826564976267
  CoM: [-0.06412864967441839, 1.4473992232014627e-05, 0.21592343700652641]
  Tensor:
    - [0.0025952133725023517, 3.3853834846187383e-08, 2.996700318090431e-06]
    - [3.3853834846187383e-08, 0.00040614479166888186, 3.7730143539651914e-08]
    - [2.996700318090431e-06, 3.7730143539651914e-08, 0.0022242791866155377]
  Volume: 1.724366279889859e-05
  bBoxMax: [-0.05203322656854098, 0.07680825778352386, 0.2483147245592272]
  bBoxMin: [-0.0712652923505679, -0.07680825705873104, 0.17544380071670884]
Torso_bottom:
  Area: 0.19376562848218842
  CoM: [0.014349046096935894, 1.479403746841509e-05, 0.04161731964078478]
  Tensor:
    - [0.005480559921430389, -3.382380504365271e-07, -0.0002259916319737919]
    - [-3.382380504365271e-07, 0.003289682645450084, -3.4099615240226237e-07]
    - [-0.0002259916319737919, -3.4099615240226237e-07, 0.005317598550475478]
  Volume: 0.0002775487442483449
  bBoxMax: [0.06720398432908244, 0.09500312247318782, 0.10775000000000087]
  bBoxMin: [-0.06186140301250829, -0.09500312247318782, -0.021750000000000394]
Torso_middle:
  Area: 0.11411193416888102
  CoM: [0.01791735848844037, 2.632620658923379e-05, 0.1553470049011074]
  Tensor:
    - [0.005044867801945049, -1.2598837843592479e-06, 2.8326481895731723e-05]
    - [-1.2598837843592479e-06, 0.0026980142487191584, 7.385603524434663e-07]
    - [2.8326481895731723e-05, 7.385603524434663e-07, 0.005714944919872913]
  Volume: 0.00017787437320665935
  bBoxMax: [0.067203984329082, 0.0832353883575938, 0.19774999999999995]
  bBoxMin: [-0.06100741215743981, -0.083235388357594, 0.10365000000000102]
Torso_top:
  Area: 0.2147995083662785
  CoM: [0.008019540849870782, 1.0779763809054543e-06, 0.26243538476024486]
  Tensor:
    - [0.005308907336772899, -3.0216853263582463e-07, 0.00044079962557006517]
    - [-3.0216853263582463e-07, 0.0033444229872057495, -6.218692489651323e-08]
    - [0.00044079962557006517, -6.218692489651323e-08, 0.005379627662952824]
  Volume: 0.0002691243906366459
  bBoxMax: [0.06776530358455342, 0.09035406019292946, 0.33046704048230313]
  bBoxMin: [-0.06233577647027348, -0.09035406019292949, 0.1936499973297121]
