Arm_Upper_Back_Left:
  Area: 0.054636355822937265
  CoM: [-0.016315746353309128, 0.0016339472222110273, -0.053109469579320986]
  Tensor:
  - [0.0034238209343312198, -5.814901047768231e-06, -0.00018223295530511222]
  - [-5.814901047768231e-06, 0.002999857849639946, -2.419417295528688e-07]
  - [-0.00018223295530511222, -2.419417295528688e-07, 0.0005800308462912374]
  Volume: 6.445830839947922e-05
  bBoxMax: [0.002070180791298748, 0.039499715141745925, 0.04404287739303374]
  bBoxMin: [-0.03451539862392847, -0.03949984216922672, -0.15094131465888677]
Arm_Upper_Bar_1:
  Area: 0.0018606967475551042
  CoM: [-0.01135958324983719, -1.5490732394924102e-05, -0.12164613040122357]
  Tensor:
  - [3.570681106590572e-05, 1.3257435002650655e-11, -7.875550332772742e-10]
  - [1.3257435002650655e-11, 4.176452650655524e-05, 1.5053932174438163e-09]
  - [-7.875550332772742e-10, 1.5053932174438163e-09, 5.574993380672148e-05]
  Volume: 2.471611105074889e-06
  bBoxMax: [0.00024041989753687432, 0.007987074385110197, -0.11591237254211344]
  bBoxMin: [-0.022959580102463684, -0.008012925614890129, -0.1271123725421141]
Arm_Upper_Bar_2:
  Area: 0.0027506037344507566
  CoM: [-0.000209584642990146, -1.0168972881926531e-05, -0.05859873301497865]
  Tensor:
  - [2.9936673750573022e-05, -1.607616246196091e-10, 4.387201415854145e-14]
  - [-1.607616246196091e-10, 0.00011746915227594795, 5.14898391495669e-10]
  - [4.387201415854145e-14, 5.14898391495669e-10, 0.00012555940030329772]
  Volume: 4.472340451468902e-06
  bBoxMax: [0.019540419897537256, 0.007987074385111603, -0.05291237254211342]
  bBoxMin: [-0.019959580102463303, -0.008012925614888762, -0.06411237254211427]
Arm_Upper_Front_Left:
  Area: 0.07663197672871698
  CoM: [0.009136711905996093, 0.00043974245782084863, -0.09501199383386105]
  Tensor:
  - [0.004799209439379037, -5.347746921862895e-06, -0.0002392752837824195]
  - [-5.347746921862895e-06, 0.004557391430781245, -6.389038583003577e-05]
  - [-0.0002392752837824195, -6.389038583003577e-05, 0.0008371459498219934]
  Volume: 0.00010877134560136193
  bBoxMax: [0.05512071643064137, 0.03950000000000095, 0.044043035223811026]
  bBoxMin: [-0.03304324140388075, -0.039500000000004934, -0.18093393722450501]
MX-64AT_AR_Shoulder_Roll_Left:
  Area: 0.015437808817742437
  CoM: [0.00012131278655580822, 7.94223956818768e-09, -0.01064779476498769]
  Tensor:
  - [0.00034317494217642945, -1.3444829411930813e-10, -1.2460217686670314e-05]
  - [-1.3444829411930813e-10, 0.00041111241115402314, 3.6469345360705447e-10]
  - [-1.2460217686670314e-05, 3.6469345360705447e-10, 0.00023338989035478125]
  Volume: 7.210449210548035e-05
  bBoxMax: [0.027758517401347313, 0.020100000000000503, 0.018543035223810466]
  bBoxMin: [-0.02224148259865379, -0.020100000000001356, -0.043556964776191476]
