Leg_upper_bar:
  Area: 0.004627006155540852
  CoM: [0.04149998876606928, -0.0030656818029652965, -0.001505343087018553]
  Tensor:
  - [3.378529137019814e-05, 1.6276446484175006e-13, 1.68533485839028e-10]
  - [1.6276446484175006e-13, 0.00030525153279392425, -1.0182760129475952e-09]
  - [1.68533485839028e-10, -1.0182760129475952e-09, 0.0003070196593691851]
  Volume: 9.392524043718295e-06
  bBoxMax: [0.07200000000000001, 0.0042999999999998794, 0.006499999999999991]
  bBoxMin: [0.0109999999999996, -0.00990000000000012, -0.009500000000000001]
Leg_upper_inside_left:
  Area: 0.05833729988341116
  CoM: [-0.10052632938088674, 0.2284839797203181, -0.005173502620113813]
  Tensor:
  - [0.003544918663574439, 0.0002786075315945607, -0.0001190467402327399]
  - [0.0002786075315945607, 0.0007210511295896171, 0.0007412209825793341]
  - [-0.0001190467402327399, 0.0007412209825793341, 0.003026079378654974]
  Volume: 0.00016374752344031863
  bBoxMax: [-0.06709999999999999, 0.31323406420002853, 0.0525403899466034]
  bBoxMin: [-0.11689935796164999, 0.09530897609544862, -0.06409491128606537]
Leg_upper_outside_left:
  Area: 0.0569964516006308
  CoM: [-0.040220715386678874, 0.22676747042061418, -0.0036852140526482686]
  Tensor:
  - [0.0036355307995823032, -0.00028585365120055727, 0.00011946942030968643]
  - [-0.00028585365120055727, 0.0006970727126890287, 0.0007765043744829091]
  - [0.00011946942030968643, 0.0007765043744829091, 0.0031396933641354425]
  Volume: 0.00015472109674245684
  bBoxMax: [-0.024126065836596943, 0.31307038283510735, 0.05254038994579905]
  bBoxMin: [-0.0700082447603219, 0.09530898059202376, -0.06314793619197995]
MX-106R_Knee_Left:
  Area: 0.016855820032296128
  CoM: [3.6274022560518777e-06, -0.01573294687984536, 0.0004608525767583823]
  Tensor:
  - [0.00047807628427777306, -1.8980882499913725e-08, 2.6699686262577732e-08]
  - [-1.8980882499913725e-08, 0.00026660294493654476, -1.2276424221205946e-05]
  - [2.6699686262577732e-08, -1.2276424221205946e-05, 0.00037800204435087194]
  Volume: 8.652817376524783e-05
  bBoxMax: [0.020100000000000003, 0.014499999999350503, 0.0308]
  bBoxMin: [-0.020100000000000003, -0.050600000000000006, -0.0245]
