Arm_Upper_Back_Left:
  Area: 0.054636355822937265
  CoM: [0.2457114902459915, -0.01598592714460658, 0.0576525048031307]
  Tensor:
  - [0.0029998578496399585, -5.814901047760096e-06, 2.419417294752077e-07]
  - [-5.814901047760096e-06, 0.003423820934331234, 0.00018223295530509732]
  - [2.419417294752077e-07, 0.00018223295530509732, 0.0005800308462911625]
  Volume: 6.445830839947922e-05
  bBoxMax: [0.283577258165524, 0.002400000000000011, 0.15548434988269524]
  bBoxMin: [0.2045777008545563, -0.03418557941522462, -0.03949984216922269]
Arm_Upper_Bar_1:
  Area: 0.0018606967475551042
  CoM: [0.04190000314737328, -0.06503375785910992, 0.0014974348824952294]
  Tensor:
  - [3.570681106591431e-05, 7.875550347078156e-10, -1.3257434485755798e-11]
  - [7.875550347078156e-10, 5.5749933806718804e-05, 1.5053932174105673e-09]
  - [-1.3257434485755798e-11, 1.5053932174105673e-09, 4.1764526506563264e-05]
  Volume: 2.471611105074889e-06
  bBoxMax: [0.0534999999999997, -0.0593000000000001, 0.00950000000000018]
  bBoxMin: [0.0302999999999993, -0.0705000000000001, -0.006499999999999811]
Arm_Upper_Bar_2:
  Area: 0.0027506037344507566
  CoM: [0.030750004540526926, -0.001986360472864927, 0.00150275664200666]
  Tensor:
  - [2.993667375057268e-05, -4.3870865347238056e-14, 1.6076162489694896e-10]
  - [-4.3870865347238056e-14, 0.0001255594003032955, 5.148983913501374e-10]
  - [1.6076162489694896e-10, 5.148983913501374e-10, 0.00011746915227594731]
  Volume: 4.472340451468902e-06
  bBoxMax: [0.05050000000000001, 0.0036999999999998813, 0.009500000000000001]
  bBoxMin: [0.0109999999999996, -0.00750000000000012, -0.00649999999999999]
Arm_Upper_Front_Left:
  Area: 0.07663197672871698
  CoM: [0.24446153896195053, 0.009578194027632027, 0.09955502905767051]
  Tensor:
  - [0.004557391430781273, -5.347746921853176e-06, 6.389038582992538e-05]
  - [-5.347746921853176e-06, 0.004799209439379042, 0.0002392752837823929]
  - [6.389038582992538e-05, 0.0002392752837823929, 0.0008371459498219017]
  Volume: 0.00010877134560136193
  bBoxMax: [0.283521796504127, 0.05556219855227552, 0.18547697244831293]
  bBoxMin: [0.20452179650412702, -0.03260175928224365, -0.03949999999999995]
MX-64AT_AR_Shoulder_Roll_Left:
  Area: 0.015437808817742437
  CoM: [7.942239934875003e-09, -0.015190829988797228, 0.0003627953852090432]
  Tensor:
  - [0.000411112411154023, 3.6469345828320185e-10, -1.3444829384400904e-10]
  - [3.6469345828320185e-10, 0.00023338989035477878, -1.2460217686668343e-05]
  - [-1.3444829384400904e-10, -1.2460217686668343e-05, 0.0003431749421764255]
  Volume: 7.210449210548035e-05
  bBoxMax: [0.020100000000000003, 0.014000000000000004, 0.027999999999999997]
  bBoxMin: [-0.020100000000000003, -0.048100000000000004, -0.022000000000000002]
