CS-C_Mount_Left:
  Area: 0.002819830878250606
<<<<<<< HEAD
  CoM: [-0.00882013329560877, 0.033798155359829565, 0.0002220081752143363]
  Tensor:
  - [0.00012159237779539495, 9.156459572863707e-09, -1.7794017151593022e-06]
  - [9.156459572863707e-09, 7.084870602446519e-05, 1.247372860572871e-08]
  - [-1.7794017151593022e-06, 1.247372860572871e-08, 7.089809473156317e-05]
  Volume: 3.307426921345785e-06
  bBoxMax: [-0.0038210639729245877, 0.04879498355562256, 0.01542259411021069]
  bBoxMin: [-0.015361652557700483, 0.018794983555622466, -0.014925575415738478]
CS-C_Mount__Right:
  Area: 0.002819830878250606
  CoM: [-0.008820133295609284, -0.03420184464017052, 0.00022200817521467376]
  Tensor:
  - [0.00012159237779539516, 9.156459572917159e-09, -1.7794017151593064e-06]
  - [9.156459572917159e-09, 7.084870602446495e-05, 1.247372860573205e-08]
  - [-1.7794017151593064e-06, 1.247372860573205e-08, 7.089809473156294e-05]
  Volume: 3.307426921345785e-06
  bBoxMax: [-0.003821063972925103, -0.019205016444377526, 0.015422594110211027]
  bBoxMin: [-0.015361652557700998, -0.049205016444377615, -0.014925575415738142]
FL2-002-R6_Left:
  Area: 0.007909521569820652
  CoM: [-0.03378966858310228, 0.03389121176583147, 0.0013128797156747008]
  Tensor:
  - [0.0001397435116677906, 1.7720019824517548e-06, 3.330808377674078e-06]
  - [1.7720019824517548e-06, 0.00016585313348885952, -7.379516662770268e-07]
  - [3.330808377674078e-06, -7.379516662770268e-07, 0.0001670320873268183]
  Volume: 2.696989589110359e-05
  bBoxMax: [-0.00733638129440827, 0.048294983552033016, 0.016355976718570444]
  bBoxMin: [-0.05638218801782389, 0.019294983550622334, -0.014303731774993111]
FL2-002-R6_Right:
  Area: 0.007909521569820652
  CoM: [-0.0337896685831028, -0.03410878823416856, 0.0013128797156750922]
  Tensor:
  - [0.0001397435116677904, 1.7720019824519646e-06, 3.330808377674072e-06]
  - [1.7720019824519646e-06, 0.00016585313348885974, -7.379516662770333e-07]
  - [3.330808377674072e-06, -7.379516662770333e-07, 0.0001670320873268183]
  Volume: 2.696989589110359e-05
  bBoxMax: [-0.007336381294408785, -0.019705016447967027, 0.016355976718570836]
  bBoxMin: [-0.05638218801782441, -0.048705016449377705, -0.014303731774992721]
FaceMask:
  Area: 0.027570554155459958
  CoM: [-0.022484909965445495, -0.00020521572634256462, -0.006993734872573399]
  Tensor:
  - [0.0019994475985063596, -7.77367935645278e-10, -6.595370216780972e-05]
  - [-7.77367935645278e-10, 0.0005230038862147568, 6.667315294997287e-09]
  - [-6.595370216780972e-05, 6.667315294997287e-09, 0.0021220733353813225]
  Volume: 2.9173227423361088e-05
  bBoxMax: [0.012764304947712714, 0.07755369377093087, 0.025977421475126616]
  bBoxMin: [-0.059405407860726525, -0.07796372665994472, -0.03178098835275173]
Head_Back:
  Area: 0.049541937723433314
  CoM: [-0.12327619969847493, -7.919119882321379e-06, 0.0028168950162552535]
  Tensor:
  - [0.00211644409940797, 1.841949222483381e-07, -1.3809999034309136e-05]
  - [1.841949222483381e-07, 0.0013187447779738292, 3.8752052438455594e-07]
  - [-1.3809999034309136e-05, 3.8752052438455594e-07, 0.0010608473921081573]
  Volume: 5.853031650428899e-05
  bBoxMax: [-0.08412440053285163, 0.050000000008312215, 0.06400592780780796]
  bBoxMin: [-0.14298265761984566, -0.050005016444507076, -0.0580094569135026]
Head_Front:
  Area: 0.0971865311824705
  CoM: [-0.04627532172056975, -2.5174167569011347e-05, 0.0033417764621651584]
  Tensor:
  - [0.0038573542645122623, -1.3960246791957818e-06, -2.8928373758064683e-06]
  - [-1.3960246791957818e-06, 0.004096287781667105, 1.5090405851962978e-06]
  - [-2.8928373758064683e-06, 1.5090405851962978e-06, 0.0020677367978729016]
  Volume: 0.00012012622169547515
  bBoxMax: [0.0131654570208004, 0.05887000000000034, 0.08250000000000003]
  bBoxMin: [-0.11478022116523671, -0.058869999999999985, -0.0802]
Head_Left:
  Area: 0.04374378590869839
  CoM: [-0.07179858841924122, 0.060242151361223566, -0.0021794014728371324]
  Tensor:
  - [0.0014544824046233435, -1.5956574915484544e-05, -2.8406006086182907e-05]
  - [-1.5956574915484544e-05, 0.002000097442626975, -0.0001411651419854856]
  - [-2.8406006086182907e-05, -0.0001411651419854856, 0.0007794257701124771]
  Volume: 4.598299516379085e-05
  bBoxMax: [-0.008060654724835602, 0.07869406664201851, 0.06382611151662093]
  bBoxMin: [-0.12441395192140167, 0.029994983555493127, -0.06935308902315275]
Head_Right:
  Area: 0.043732231862068115
  CoM: [-0.0717985080310282, -0.060652192377006836, -0.002179390244529492]
  Tensor:
  - [0.0014544764999395463, 1.5956657367630197e-05, -2.8406092881364375e-05]
  - [1.5956657367630197e-05, 0.0020000905475307503, 0.0001411645708266596]
  - [-2.8406092881364375e-05, 0.0001411645708266596, 0.0007794242028638338]
  Volume: 4.59831911513475e-05
  bBoxMax: [-0.008060654724835602, -0.03040501644450699, 0.06382611151662088]
  bBoxMin: [-0.12441395192140167, -0.07910409953103237, -0.0693530890231528]
Head_bar:
  Area: 0.0099014446150349
  CoM: [-0.05072015257189322, -0.0001000067489786767, 0.01671263459602288]
  Tensor:
  - [0.001445524030639544, -1.6836448180117072e-15, -4.4446194895042915e-05]
  - [-1.6836448180117072e-15, 0.00012233316352170732, -1.6971769716342037e-15]
  - [-4.4446194895042915e-05, -1.6971769716342037e-15, 0.0014630331131967273]
  Volume: 2.2720321096488194e-05
  bBoxMax: [-0.0371311639738509, 0.05989999294281012, 0.024699999046325978]
  bBoxMin: [-0.0730750564621822, -0.060100006440514525, -0.00580026478153363]
Lens_Left:
  Area: 0.002125564204466275
  CoM: [-0.005891020136857721, 0.03379498355528112, 0.00011929069241078422]
  Tensor:
  - [5.1781145811329595e-05, -5.944727332802246e-15, 3.460376161443905e-07]
  - [-5.944727332802246e-15, 6.169036841957897e-05, 2.076573912256044e-16]
  - [3.460376161443905e-07, 2.076573912256044e-16, 6.167828273282767e-05]
  Volume: 5.5212744030782646e-06
  bBoxMax: [0.0035971127227186982, 0.046294983555622594, 0.013120252202729879]
  bBoxMin: [-0.020890979937305366, 0.021294983555622413, -0.012689193579827698]
Lens_Right:
  Area: 0.002125564204466275
  CoM: [-0.005891020136858236, -0.03420501644471897, 0.00011929069241112173]
  Tensor:
  - [5.178114581132986e-05, -5.9446953135449285e-15, 3.4603761614439e-07]
  - [-5.9446953135449285e-15, 6.169036841957847e-05, 2.0765689092470884e-16]
  - [3.4603761614439e-07, 2.0765689092470884e-16, 6.167828273282767e-05]
  Volume: 5.5212744030782646e-06
  bBoxMax: [0.003597112722718183, -0.02170501644437749, 0.013120252202730215]
  bBoxMin: [-0.020890979937305883, -0.04670501644437767, -0.012689193579827361]
=======
  CoM: [3.1718042070581386e-06, 4.3033506325373344e-07, 0.05552168003785561]
  Tensor:
  - [7.084870602446872e-05, 1.278568577778847e-08, 8.715554854296053e-09]
  - [1.278568577778847e-08, 7.083571430537393e-05, -6.93996925381894e-09]
  - [8.715554854296053e-09, -6.93996925381894e-09, 0.00012165475822158962]
  Volume: 3.307426921345785e-06
  bBoxMax: [0.015, 0.015, 0.06]
  bBoxMin: [-0.015, -0.015, 0.049499999999999995]
CS-C_Mount__Right:
  Area: 0.002819830878250606
  CoM: [3.1718042070581386e-06, 4.3033506325373344e-07, 0.05552168003785561]
  Tensor:
  - [7.084870602446872e-05, 1.278568577778847e-08, 8.715554854296053e-09]
  - [1.278568577778847e-08, 7.083571430537393e-05, -6.93996925381894e-09]
  - [8.715554854296053e-09, -6.93996925381894e-09, 0.00012165475822158962]
  Volume: 3.307426921345785e-06
  bBoxMax: [0.015, 0.015, 0.06]
  bBoxMin: [-0.015, -0.015, 0.049499999999999995]
FL2-002-R6_Left:
  Area: 0.007909521569820652
  CoM: [-0.03190377178979118, -0.002980786868373443, 0.028974064846269253]
  Tensor:
  - [0.00016585313348885854, -6.756601487172744e-07, 1.7966766684657095e-06]
  - [-6.756601487172744e-07, 0.0001672311959745684, 2.3709172901349157e-06]
  - [1.7966766684657095e-06, 2.3709172901349157e-06, 0.00013954440302003988]
  Volume: 2.696989589110359e-05
  bBoxMax: [-0.01750000000358983, 0.0112999999999982, 0.0549447805190238]
  bBoxMin: [-0.046500000005000104, -0.017699999999998203, 0.006881780518999751]
FL2-002-R6_Right:
  Area: 0.007909521569820652
  CoM: [-0.03190377178979118, -0.002980786868373443, 0.028974064846269253]
  Tensor:
  - [0.00016585313348885854, -6.756601487172744e-07, 1.7966766684657095e-06]
  - [-6.756601487172744e-07, 0.0001672311959745684, 2.3709172901349157e-06]
  - [1.7966766684657095e-06, 2.3709172901349157e-06, 0.00013954440302003988]
  Volume: 2.696989589110359e-05
  bBoxMax: [-0.01750000000358983, 0.0112999999999982, 0.0549447805190238]
  bBoxMin: [-0.046500000005000104, -0.017699999999998203, 0.006881780518999751]
FaceMask:
  Area: 0.027570554155459958
  CoM: [-1.9928183563445521e-07, -0.01038855239348603, 0.04149774796024785]
  Tensor:
  - [0.0005230038862147504, 6.667315295269514e-09, -7.773679356875833e-10]
  - [6.667315295269514e-09, 0.0021220733353813207, -6.59537021678096e-05]
  - [-7.773679356875833e-10, -6.59537021678096e-05, 0.0019994475985063535]
  Volume: 2.9173227423361088e-05
  bBoxMax: [0.07775871021543761, 0.022582603954213906, 0.07674696287340599]
  bBoxMin: [-0.07775871021543761, -0.03517580587366429, 0.0045772500649668806]
Head_Back:
  Area: 0.049541937723433314
  CoM: [0.00019709732462461294, -0.0005779225046574088, -0.059293541772781434]
  Tensor:
  - [0.0013187447779738153, 3.875205243839322e-07, 1.841949222483232e-07]
  - [3.875205243839322e-07, 0.0010608473921081595, -1.3809999034308902e-05]
  - [1.841949222483232e-07, -1.3809999034308902e-05, 0.0021164440994079635]
  Volume: 5.853031650428899e-05
  bBoxMax: [0.050205016452819, 0.060611110286895226, -0.020141742607158203]
  bBoxMin: [-0.049800000000000004, -0.061404274434415186, -0.07899999969415211]
Head_Front:
  Area: 0.0971865311824705
  CoM: [-2.517416756919192e-05, -0.00015822353783493211, 0.017724678279430358]
  Tensor:
  - [0.004096287781667088, 1.5090405851959107e-06, -1.3960246791957355e-06]
  - [1.5090405851959107e-06, 0.0020677367978728994, -2.8928373758061096e-06]
  - [-1.3960246791957355e-06, -2.8928373758061096e-06, 0.0038573542645122523]
  Volume: 0.00012012622169547515
  bBoxMax: [0.058870000000000006, 0.07899999999999988, 0.0771654570208004]
  bBoxMin: [-0.058870000000000006, -0.08370000000000001, -0.05078022116523649]
Head_Left:
  Area: 0.04374378590869839
  CoM: [0.06044716780573035, -0.005574218993749807, -0.007815930493547806]
  Tensor:
  - [0.0020000974426269643, -0.00014116514198548636, -1.5956574915484974e-05]
  - [-0.00014116514198548636, 0.0007794257701124829, -2.8406006086182657e-05]
  - [-1.5956574915484974e-05, -2.8406006086182657e-05, 0.0014544824046233455]
  Volume: 4.598299516379085e-05
  bBoxMax: [0.07889908308652523, 0.06043129399570815, 0.05592200320085771]
  bBoxMin: [0.030200000000000008, -0.07274790654406535, -0.060431293995708145]
Head_Right:
  Area: 0.043732231862068115
  CoM: [-0.06044717593249975, -0.005574207765442113, -0.007815850105334794]
  Tensor:
  - [0.00200009054753074, 0.0001411645708266582, 1.5956657367629028e-05]
  - [0.0001411645708266582, 0.0007794242028638472, -2.840609288136418e-05]
  - [1.5956657367629028e-05, -2.840609288136418e-05, 0.001454476499939549]
  Volume: 4.59831911513475e-05
  bBoxMax: [-0.030199999999999994, 0.06043129399570815, 0.05592200320085771]
  bBoxMin: [-0.07889908308652523, -0.07274790654406535, -0.060431293995708145]
Head_bar:
  Area: 0.0099014446150349
  CoM: [0.00020501644438062955, 0.013417818028784532, 0.013135520394952416]
  Tensor:
  - [0.00012233316352170724, -1.6968671900681316e-15, -1.6840042035334143e-15]
  - [-1.6968671900681316e-15, 0.0014630331131967303, -4.444619489504254e-05]
  - [-1.6840042035334143e-15, -4.444619489504254e-05, 0.0014455240306395364]
  Volume: 2.2720321096488194e-05
  bBoxMax: [0.06020501613616941, 0.021405182479087598, 0.02672450899299468]
  bBoxMin: [-0.05979498324715521, -0.009095081348771971, -0.009219383495336471]
Lens_Left:
  Area: 0.002125564204466275
  CoM: [-3.413614314640209e-13, -1.2869179901001711e-17, 0.05845259364846472]
  Tensor:
  - [6.169036841958454e-05, -1.2869179900562408e-19, -5.9493481641536e-15]
  - [-1.2869179900562408e-19, 6.169036663266408e-05, -2.0529679754966966e-19]
  - [-5.9493481641536e-15, -2.0529679754966966e-19, 5.176906191150065e-05]
  Volume: 5.5212744030782646e-06
  bBoxMax: [0.0125, 0.0125, 0.06751000032668517]
  bBoxMin: [-0.0125, -0.0125, 0.04388000032668515]
Lens_Right:
  Area: 0.002125564204466275
  CoM: [-3.413614314640209e-13, -1.2869179901001711e-17, 0.05845259364846472]
  Tensor:
  - [6.169036841958454e-05, -1.2869179900562408e-19, -5.9493481641536e-15]
  - [-1.2869179900562408e-19, 6.169036663266408e-05, -2.0529679754966966e-19]
  - [-5.9493481641536e-15, -2.0529679754966966e-19, 5.176906191150065e-05]
  Volume: 5.5212744030782646e-06
  bBoxMax: [0.0125, 0.0125, 0.06751000032668517]
  bBoxMin: [-0.0125, -0.0125, 0.04388000032668515]
>>>>>>> dec092d0135971271e9792b244a662a6d7972d05
