MX-106R_Hip_Pitch_Left:
  Area: 0.016855820032296128
<<<<<<< HEAD
  CoM: [0.01573294687984766, -0.001051153075824062, 0.023234366328869487]
  Tensor:
  - [0.00026660294493654547, 1.2276424221204915e-05, -1.8980882500091675e-08]
  - [1.2276424221204915e-05, 0.0003780020443508727, -2.6699686262551104e-08]
  - [-1.8980882500091675e-08, -2.6699686262551104e-08, 0.0004780762842777724]
  Volume: 8.652817376524783e-05
  bBoxMax: [0.05060000000000262, 0.029287994347417932, 0.04333799373112559]
  bBoxMin: [-0.014499999999348569, -0.02601200565258277, 0.0031379937311254926]
MX-106R_Hip_Roll_Left:
  Area: 0.016855820032296128
  CoM: [0.015732946879847644, -3.319144005479369e-05, -0.02071085319304939]
  Tensor:
  - [0.000266602944936545, -1.8980882501846648e-08, -1.2276424221206446e-05]
  - [-1.8980882501846648e-08, 0.0004780762842777724, 2.6699686262404772e-08]
  - [-1.2276424221206446e-05, 2.6699686262404772e-08, 0.00037800204435087275]
  Volume: 8.652817376524783e-05
  bBoxMax: [0.050600000000002546, 0.020070435962201604, 0.00424999938370906]
  bBoxMin: [-0.014499999999348463, -0.02012956403779904, -0.05105000061629108]
=======
  CoM: [3.6274022560518777e-06, -0.01573294687984536, 0.0004608525767583823]
  Tensor:
  - [0.00047807628427777306, -1.8980882499913725e-08, 2.6699686262577732e-08]
  - [-1.8980882499913725e-08, 0.00026660294493654476, -1.2276424221205946e-05]
  - [2.6699686262577732e-08, -1.2276424221205946e-05, 0.00037800204435087194]
  Volume: 8.652817376524783e-05
  bBoxMax: [0.020100000000000003, 0.014499999999350503, 0.0308]
  bBoxMin: [-0.020100000000000003, -0.050600000000000006, -0.0245]
MX-106R_Hip_Roll_Left:
  Area: 0.016855820032296128
  CoM: [3.6274022560518777e-06, -0.01573294687984536, 0.0004608525767583823]
  Tensor:
  - [0.00047807628427777306, -1.8980882499913725e-08, 2.6699686262577732e-08]
  - [-1.8980882499913725e-08, 0.00026660294493654476, -1.2276424221205946e-05]
  - [2.6699686262577732e-08, -1.2276424221205946e-05, 0.00037800204435087194]
  Volume: 8.652817376524783e-05
  bBoxMax: [0.020100000000000003, 0.014499999999350503, 0.0308]
  bBoxMin: [-0.020100000000000003, -0.050600000000000006, -0.0245]
>>>>>>> dec092d0135971271e9792b244a662a6d7972d05
