Ankle_cover_left:
  Area: 0.0031905662984738547
  CoM: [-0.0032410279789510804, 0.03143279778961901, -0.005631242983091606]
  Tensor:
  - [0.00014197296029652606, 7.902964866846383e-06, 1.7217915516524748e-05]
  - [7.902964866846383e-06, 0.0002086024782316625, 1.038429178875326e-05]
  - [1.7217915516524748e-05, 1.038429178875326e-05, 7.63768363130028e-05]
  Volume: 3.2021923374785877e-06
  bBoxMax: [0.016714109597049463, 0.036170999399486, 0.017462092385536997]
  bBoxMin: [-0.01861176041642647, 0.02800000209808047, -0.03145360097932641]
Leg_Lower_Bar:
  Area: 0.003618338239966428
  CoM: [-0.10349414663053992, -1.7277318118402717e-08, -0.010635336440817343]
  Tensor:
  - [0.00022456421729521542, -1.1774779758864956e-10, -1.188306297315098e-06]
  - [-1.1774779758864956e-10, 7.549275196496518e-05, -4.178427102120404e-11]
  - [-1.188306297315098e-06, -4.178427102120404e-11, 0.00018173625224040236]
  Volume: 3.9816553931059585e-06
  bBoxMax: [-0.08552830984039421, 0.019499992370604336, 0.008010609363849053]
  bBoxMin: [-0.11977694580529563, -0.019500007629396094, -0.027073653713928305]
Leg_Lower_Inside_Left:
  Area: 0.050126916166198285
  CoM: [-0.10028770835097169, -0.020316090989802995, -0.006369102493503917]
  Tensor:
  - [0.0005910774319091689, 0.0002359023929622851, 0.0007304104193947542]
  - [0.0002359023929622851, 0.004502234350951523, -5.352301868141179e-05]
  - [0.0007304104193947542, -5.352301868141179e-05, 0.004078973862765386]
  Volume: 8.725025572051777e-05
  bBoxMax: [0.017620678453143662, 0.002400000000000353, 0.035534153831257534]
  bBoxMin: [-0.21945979109189342, -0.0323890000430274, -0.05978566926074149]
Leg_Lower_Outside_Left:
  Area: 0.05273819111791126
  CoM: [-0.10182235959337166, 0.02126274118291974, -0.007656038259274728]
  Tensor:
  - [0.000604431316647648, -0.0001996082564883192, 0.0007414948122593261]
  - [-0.0001996082564883192, 0.00419946577709839, 4.924382878680401e-05]
  - [0.0007414948122593261, 4.924382878680401e-05, 0.0037678357709502275]
  Volume: 9.367153285990021e-05
  bBoxMax: [0.03482585621637064, 0.036163574905629395, 0.12737990604611737]
  bBoxMin: [-0.2298775773760828, 2.098080198464913e-09, -0.13565995111329593]
