CS-C_Mount_Left:
  Area: 0.002819830878250606
  CoM: [3.1718042070581386e-06, 4.3033506325373344e-07, 0.05552168003785561]
  Tensor:
  - [7.084870602446872e-05, 1.278568577778847e-08, 8.715554854296053e-09]
  - [1.278568577778847e-08, 7.083571430537393e-05, -6.93996925381894e-09]
  - [8.715554854296053e-09, -6.93996925381894e-09, 0.00012165475822158962]
  Volume: 3.307426921345785e-06
  bBoxMax: [0.015, 0.015, 0.06]
  bBoxMin: [-0.015, -0.015, 0.049499999999999995]
CS-C_Mount__Right:
  Area: 0.002819830878250606
  CoM: [3.1718042070581386e-06, 4.3033506325373344e-07, 0.05552168003785561]
  Tensor:
  - [7.084870602446872e-05, 1.278568577778847e-08, 8.715554854296053e-09]
  - [1.278568577778847e-08, 7.083571430537393e-05, -6.93996925381894e-09]
  - [8.715554854296053e-09, -6.93996925381894e-09, 0.00012165475822158962]
  Volume: 3.307426921345785e-06
  bBoxMax: [0.015, 0.015, 0.06]
  bBoxMin: [-0.015, -0.015, 0.049499999999999995]
FL2-002-R6_Left:
  Area: 0.007909521569820652
  CoM: [-0.03190377178979118, -0.002980786868373443, 0.028974064846269253]
  Tensor:
  - [0.00016585313348885854, -6.756601487172744e-07, 1.7966766684657095e-06]
  - [-6.756601487172744e-07, 0.0001672311959745684, 2.3709172901349157e-06]
  - [1.7966766684657095e-06, 2.3709172901349157e-06, 0.00013954440302003988]
  Volume: 2.696989589110359e-05
  bBoxMax: [-0.01750000000358983, 0.0112999999999982, 0.0549447805190238]
  bBoxMin: [-0.046500000005000104, -0.017699999999998203, 0.006881780518999751]
FL2-002-R6_Right:
  Area: 0.007909521569820652
  CoM: [-0.03190377178979118, -0.002980786868373443, 0.028974064846269253]
  Tensor:
  - [0.00016585313348885854, -6.756601487172744e-07, 1.7966766684657095e-06]
  - [-6.756601487172744e-07, 0.0001672311959745684, 2.3709172901349157e-06]
  - [1.7966766684657095e-06, 2.3709172901349157e-06, 0.00013954440302003988]
  Volume: 2.696989589110359e-05
  bBoxMax: [-0.01750000000358983, 0.0112999999999982, 0.0549447805190238]
  bBoxMin: [-0.046500000005000104, -0.017699999999998203, 0.006881780518999751]
FaceMask:
  Area: 0.027570554155459958
  CoM: [-1.9928183563445521e-07, -0.01038855239348603, 0.04149774796024785]
  Tensor:
  - [0.0005230038862147504, 6.667315295269514e-09, -7.773679356875833e-10]
  - [6.667315295269514e-09, 0.0021220733353813207, -6.59537021678096e-05]
  - [-7.773679356875833e-10, -6.59537021678096e-05, 0.0019994475985063535]
  Volume: 2.9173227423361088e-05
  bBoxMax: [0.07775871021543761, 0.022582603954213906, 0.07674696287340599]
  bBoxMin: [-0.07775871021543761, -0.03517580587366429, 0.0045772500649668806]
Head_Back:
  Area: 0.049541937723433314
  CoM: [0.00019709732462461294, -0.0005779225046574088, -0.059293541772781434]
  Tensor:
  - [0.0013187447779738153, 3.875205243839322e-07, 1.841949222483232e-07]
  - [3.875205243839322e-07, 0.0010608473921081595, -1.3809999034308902e-05]
  - [1.841949222483232e-07, -1.3809999034308902e-05, 0.0021164440994079635]
  Volume: 5.853031650428899e-05
  bBoxMax: [0.050205016452819, 0.060611110286895226, -0.020141742607158203]
  bBoxMin: [-0.049800000000000004, -0.061404274434415186, -0.07899999969415211]
Head_Front:
  Area: 0.0971865311824705
  CoM: [-2.517416756919192e-05, -0.00015822353783493211, 0.017724678279430358]
  Tensor:
  - [0.004096287781667088, 1.5090405851959107e-06, -1.3960246791957355e-06]
  - [1.5090405851959107e-06, 0.0020677367978728994, -2.8928373758061096e-06]
  - [-1.3960246791957355e-06, -2.8928373758061096e-06, 0.0038573542645122523]
  Volume: 0.00012012622169547515
  bBoxMax: [0.058870000000000006, 0.07899999999999988, 0.0771654570208004]
  bBoxMin: [-0.058870000000000006, -0.08370000000000001, -0.05078022116523649]
Head_Left:
  Area: 0.04374378590869839
  CoM: [0.06044716780573035, -0.005574218993749807, -0.007815930493547806]
  Tensor:
  - [0.0020000974426269643, -0.00014116514198548636, -1.5956574915484974e-05]
  - [-0.00014116514198548636, 0.0007794257701124829, -2.8406006086182657e-05]
  - [-1.5956574915484974e-05, -2.8406006086182657e-05, 0.0014544824046233455]
  Volume: 4.598299516379085e-05
  bBoxMax: [0.07889908308652523, 0.06043129399570815, 0.05592200320085771]
  bBoxMin: [0.030200000000000008, -0.07274790654406535, -0.060431293995708145]
Head_Right:
  Area: 0.043732231862068115
  CoM: [-0.06044717593249975, -0.005574207765442113, -0.007815850105334794]
  Tensor:
  - [0.00200009054753074, 0.0001411645708266582, 1.5956657367629028e-05]
  - [0.0001411645708266582, 0.0007794242028638472, -2.840609288136418e-05]
  - [1.5956657367629028e-05, -2.840609288136418e-05, 0.001454476499939549]
  Volume: 4.59831911513475e-05
  bBoxMax: [-0.030199999999999994, 0.06043129399570815, 0.05592200320085771]
  bBoxMin: [-0.07889908308652523, -0.07274790654406535, -0.060431293995708145]
Head_bar:
  Area: 0.0099014446150349
  CoM: [0.00020501644438062955, 0.013417818028784532, 0.013135520394952416]
  Tensor:
  - [0.00012233316352170724, -1.6968671900681316e-15, -1.6840042035334143e-15]
  - [-1.6968671900681316e-15, 0.0014630331131967303, -4.444619489504254e-05]
  - [-1.6840042035334143e-15, -4.444619489504254e-05, 0.0014455240306395364]
  Volume: 2.2720321096488194e-05
  bBoxMax: [0.06020501613616941, 0.021405182479087598, 0.02672450899299468]
  bBoxMin: [-0.05979498324715521, -0.009095081348771971, -0.009219383495336471]
Lens_Left:
  Area: 0.002125564204466275
  CoM: [-3.413614314640209e-13, -1.2869179901001711e-17, 0.05845259364846472]
  Tensor:
  - [6.169036841958454e-05, -1.2869179900562408e-19, -5.9493481641536e-15]
  - [-1.2869179900562408e-19, 6.169036663266408e-05, -2.0529679754966966e-19]
  - [-5.9493481641536e-15, -2.0529679754966966e-19, 5.176906191150065e-05]
  Volume: 5.5212744030782646e-06
  bBoxMax: [0.0125, 0.0125, 0.06751000032668517]
  bBoxMin: [-0.0125, -0.0125, 0.04388000032668515]
Lens_Right:
  Area: 0.002125564204466275
  CoM: [-3.413614314640209e-13, -1.2869179901001711e-17, 0.05845259364846472]
  Tensor:
  - [6.169036841958454e-05, -1.2869179900562408e-19, -5.9493481641536e-15]
  - [-1.2869179900562408e-19, 6.169036663266408e-05, -2.0529679754966966e-19]
  - [-5.9493481641536e-15, -2.0529679754966966e-19, 5.176906191150065e-05]
  Volume: 5.5212744030782646e-06
  bBoxMax: [0.0125, 0.0125, 0.06751000032668517]
  bBoxMin: [-0.0125, -0.0125, 0.04388000032668515]
