Arm_Lower_Inside_Left:
  Area: 0.03387685451815267
  CoM: [0.03951836157665087, -0.012248053539603952, 0.00026714370254102174]
  Tensor:
  - [0.00039188633793989355, -4.1634245510739425e-05, -7.210049132984489e-06]
  - [-4.1634245510739425e-05, 0.0021858451803978577, -3.376297406121789e-07]
  - [-7.210049132984489e-06, -3.376297406121789e-07, 0.0018901730960375182]
  Volume: 3.899681357341396e-05
  bBoxMax: [0.11939141713679442, 0.0022973983168542134, 0.03349992426271053]
  bBoxMin: [-0.033499918992984504, -0.022497149037549208, -0.033499912484180945]
Arm_Lower_Outside_Left:
  Area: 0.0541556603817027
  CoM: [0.1189719913093094, 0.00382824843306004, 0.0017373597757809156]
  Tensor:
  - [0.0006147899961539877, 0.0004779905383018462, -0.00011321654595079307]
  - [0.0004779905383018462, 0.0048184684665492665, 1.779011444821531e-05]
  - [-0.00011321654595079307, 1.779011444821531e-05, 0.00443744160990461]
  Volume: 0.00011786949886105273
  bBoxMax: [0.22494239072547298, 0.02249739541242551, 0.043673477938323886]
  bBoxMin: [-0.033408501353289495, -0.028500234906665724, -0.03892138428091155]
Arm_lower_bar:
  Area: 0.0022171732823900773
  CoM: [0.10496986616770622, 0.0017676794865543498, -9.1664191832459e-05]
  Tensor:
  - [7.73649557981047e-05, 1.8621404296589395e-13, 8.978838591454132e-10]
  - [1.8621404296589395e-13, 3.2548729968556596e-05, -1.6206322800372557e-12]
  - [8.978838591454132e-10, -1.6206322800372557e-12, 6.660607021905646e-05]
  Volume: 3.2730774985063897e-06
  bBoxMax: [0.11046206124625192, 0.01663238921718431, 0.00790867153187615]
  bBoxMin: [0.0992620612462507, -0.013097030309601791, -0.00809132846812788]
MX-64AT_AR_Elbow_Left:
  Area: 0.015437808817742437
  CoM: [0.015190829988795992, -0.0005597893264571744, 7.942238929629218e-09]
  Tensor:
  - [0.00023338989035477921, -1.2460217686670182e-05, -3.6469345032809186e-10]
  - [-1.2460217686670182e-05, 0.0003431749421764245, 1.3444829034370688e-10]
  - [-3.6469345032809186e-10, 1.3444829034370688e-10, 0.0004111124111540243]
  Volume: 7.210449210548035e-05
  bBoxMax: [0.04810000000000019, 0.021803006058753616, 0.020100000000001724]
  bBoxMin: [-0.014000000000002571, -0.02819699394124981, -0.020100000000004222]
