Arm_Lower_Inside_Left:
  Area: 0.03387685451815267
  CoM: [0.23176014982669915, 0.027267143702543493, 0.19701836157664604]
  Tensor:
  - [0.0021858451803979727, -3.3762974065652327e-07, -4.1634245510705415e-05]
  - [-3.3762974065652327e-07, 0.0018901730960374458, -7.21004913302841e-06]
  - [-4.1634245510705415e-05, -7.21004913302841e-06, 0.00039188633793971867]
  Volume: 3.899681357341396e-05
  bBoxMax: [0.246305601683152, 0.06049992426270789, 0.276891417136788]
  bBoxMin: [0.221511054328759, -0.00649991248417354, 0.12400008100701239]
Arm_Lower_Outside_Left:
  Area: 0.0541556603817027
  CoM: [0.24783085204165417, 0.028828681596539122, 0.2763805710940173]
  Tensor:
  - [0.004818468466549306, 1.779011444819208e-05, 0.0004779905383018697]
  - [1.779011444819208e-05, 0.004437441609904884, -0.00011321654595100784]
  - [0.0004779905383018697, -0.00011321654595100784, 0.000614789996153993]
  Volume: 0.00011786949886105273
  bBoxMax: [0.266499999021013, 0.07076479975907261, 0.3823509705101783]
  bBoxMin: [0.215502368701936, -0.011830062460144463, 0.1240000784314209]
Arm_lower_bar:
  Area: 0.0022171732823900773
  CoM: [-0.24577029744357692, 0.02699965762892541, 0.2623784459524149]
  Tensor:
  - [3.2548729968081296e-05, -1.620616180039105e-12, 1.862385646419265e-13]
  - [-1.620616180039105e-12, 6.660607021940041e-05, 8.978838989846973e-10]
  - [1.862385646419265e-13, 8.978838989846973e-10, 7.736495579855373e-05]
  Volume: 3.2730774985063897e-06
  bBoxMax: [-0.23090558771294803, 0.03499999335263201, 0.26787064103096]
  bBoxMin: [-0.260635007239732, 0.018999993352632, 0.25667064103096]
MX-64AT_AR_Elbow_Left:
  Area: 0.015437808817742437
  CoM: [7.942239934875003e-09, -0.015190829988797228, 0.0003627953852090432]
  Tensor:
  - [0.000411112411154023, 3.6469345828320185e-10, -1.3444829384400904e-10]
  - [3.6469345828320185e-10, 0.00023338989035477878, -1.2460217686668343e-05]
  - [-1.3444829384400904e-10, -1.2460217686668343e-05, 0.0003431749421764255]
  Volume: 7.210449210548035e-05
  bBoxMax: [0.020100000000000003, 0.014000000000000004, 0.027999999999999997]
  bBoxMin: [-0.020100000000000003, -0.048100000000000004, -0.022000000000000002]
