Leg_upper_bar:
  Area: 0.004627006155540852
  CoM: [-0.08814701983182471, -7.611056815903794e-09, 0.012008714578463715]
  Tensor:
  - [0.00030525153279392615, -1.627656232989256e-13, 1.018276013098172e-09]
  - [-1.627656232989256e-13, 3.378529137019805e-05, 1.685334849192861e-10]
  - [1.018276013098172e-09, 1.685334849192861e-10, 0.0003070196593691851]
  Volume: 9.392524043718295e-06
  bBoxMax: [-0.0813127016347897, 0.030500003622873962, 0.020014057665482383]
  bBoxMin: [-0.09551270163479009, -0.03049999637712654, 0.004014057665482138]
Leg_upper_inside_left:
  Area: 0.05833729988341116
  CoM: [-0.13669668135510807, -0.03052632938088692, -0.011659444954632074]
  Tensor:
  - [0.0007210511295896349, -0.00027860753159455407, -0.0007412209825793525]
  - [-0.00027860753159455407, 0.003544918663574431, -0.00011904674023273363]
  - [-0.0007412209825793525, -0.00011904674023273363, 0.0030260793786548827]
  Volume: 0.00016374752344031863
  bBoxMax: [-0.003521677730237762, 0.0029000000000002756, 0.04605444761208651]
  bBoxMin: [-0.2214467658348192, -0.04689935796165079, -0.0705808536205845]
Leg_upper_outside_left:
  Area: 0.0569964516006308
  CoM: [-0.1349801720554039, 0.02977928461332098, -0.010171156387166374]
  Tensor:
  - [0.0006970727126890438, 0.00028585365120056426, -0.0007765043744829325]
  - [0.00028585365120056426, 0.003635530799582392, 0.0001194694203096933]
  - [-0.0007765043744829325, 0.0001194694203096933, 0.003139693364135564]
  Volume: 0.00015472109674245684
  bBoxMax: [-0.003521682226812892, 0.04587393416340337, 0.04605444761128233]
  bBoxMin: [-0.22128308446989775, -8.244760322675404e-06, -0.06963387852649902]
MX-106R_Knee_Left:
  Area: 0.016855820032296128
  CoM: [-0.013391121188203445, -0.0009608525767567729, 0.007815200096362069]
  Tensor:
  - [0.0003185316082245723, 1.0676917554154593e-05, 9.102165743622895e-05]
  - [1.0676917554154593e-05, 0.00037800204435087253, -6.059268608830531e-06]
  - [9.102165743622895e-05, -6.059268608830531e-06, 0.0004261476209897427]
  Volume: 8.652817376524783e-05
  bBoxMax: [0.022830685708786325, 0.02400000000000349, 0.04255302812355906]
  bBoxMin: [-0.053634664351561175, -0.03130000000000041, -0.024620318071484813]
