serial_number: 01188483

lens:
  # Lens: Lensagon BF10M19828S118C
  # Camera: FLIR BFS-U3-13Y3C-C

  # Theoretical normalised focal length
  # Lens Focal Length = 1.98mm
  # Camera Pixel Size = 4.8µm
  # focal_length / (camera_pixel_size * width)
  # 1.98mm / (4.8µm * 1280px) = 0.322265625

  # NOTE: all lens parameters are based on a full size image (without width/height/offset values)

  # Lens projection type
  projection: EQUIDISTANT
  # Normalised focal length: focal length in pixels / image width
  focal_length: 0.34576809523041263
  # Normalised image centre offset: pixels from centre to optical axis / image width
  centre: [-0.0023897331481264592, -0.009258792871587505]
  # The polynomial distortion coefficients for the lens
  k: [0.44458740163466964, 0.1356522469063609]
  # The angular diameter that the lens covers (the area that light hits on the sensor) or auto for the entire sensor
  fov: 180 * pi / 180
  # The homogenous transform from the rigid platform this camera is attached to to its optical location
  Hpc:
  - [0.9997247321146308, 0.0017415957009032706, -0.023397154586495602, 0.0030877823396664615]
  - [-0.0005839816447469811, 0.9987792646772213, 0.04939270610391488, -0.000517364559222952]
  - [0.02345461497804591, -0.04936544636933516, 0.9985053498810048, -0.0009723381480116962]
  - [0.0, 0.0, 0.0, 1.0]
